6162	628.8	847.6
6163	628.7	847.1
6164	628.9	846.6
6165	629.0	846.0
6166	629.1	845.5
6167	629.8	845.3
6168	629.9	845.1
6169	629.9	844.7
6170	629.5	842.9
6171	629.6	842.6
6172	629.3	842.1
6173	629.3	841.7
6174	629.1	841.2
6175	629.2	840.9
6176	629.5	840.4
6177	629.7	839.9
6178	629.9	839.4
6179	629.7	838.9
6180	629.6	838.3
6181	629.8	837.9
6182	629.6	837.4
6183	629.7	837.0
6184	629.5	836.6
6185	629.8	836.4
6186	629.6	835.9
6187	629.3	835.5
6188	629.6	835.0
6189	629.7	834.5
6190	630.1	834.0
6191	629.5	833.8
6192	629.9	833.5
6193	629.9	833.0
6194	630.2	832.5
6195	630.1	831.8
6196	630.6	831.6
6197	630.1	831.0
6198	630.8	830.5
6199	630.5	830.1
6200	630.8	829.6
6201	631.1	829.3
6202	631.0	828.2
6203	631.2	827.6
6204	631.3	827.3
6205	631.3	826.6
6206	631.5	826.1
6207	631.6	825.7
6208	631.6	825.3
6209	631.5	825.0
6210	631.4	824.7
6211	631.6	824.2
6212	631.7	823.8
6213	631.7	823.2
6214	631.7	822.8
6215	631.4	822.3
6216	631.9	821.9
6217	632.2	821.4
6218	631.8	821.0
6219	632.0	820.5
6220	631.9	820.3
6221	632.0	819.8
6222	632.1	819.5
6223	632.1	818.8
6224	631.7	818.5
6225	632.0	818.0
6226	632.2	817.7
6227	632.3	817.3
6228	632.2	816.8
6229	632.1	816.4
6230	632.2	816.2
6231	632.0	815.8
6232	631.9	815.3
6233	632.0	814.6
6234	632.2	814.3
6235	632.4	813.9
6236	632.2	813.4
6237	632.6	813.0
6238	632.5	812.8
6239	632.5	812.4
6240	632.7	812.2
6241	632.4	811.8
6242	632.7	811.6
6243	632.7	811.2
6244	632.8	811.0
6245	632.6	810.6
6246	632.4	810.4
6247	632.5	809.9
6248	632.6	809.6
6249	632.9	809.2
6250	632.8	808.9
6251	632.6	808.6
6252	632.6	808.3
6253	632.6	808.2
6254	632.7	808.1
6255	632.8	807.9
6256	632.6	807.7
6257	632.8	807.7
6258	632.9	807.3
6259	632.8	807.2
6260	632.8	807.0
6261	632.7	806.8
6262	632.8	806.7
6263	633.1	806.6
6264	632.9	806.4
6265	632.7	806.3
6266	633.0	806.1
6267	633.0	806.1
6268	633.2	805.8
6269	633.0	805.7
6270	633.0	805.6
6271	633.1	805.5
6272	632.9	805.3
6273	632.7	805.1
6274	632.9	805.0
6275	632.8	804.9
6276	632.8	804.9
6277	632.9	804.7
6278	632.7	804.5
6279	632.7	804.3
6280	632.8	804.2
6281	633.0	804.0
6282	633.1	803.9
6283	633.2	803.7
6284	633.0	803.3
6285	633.1	803.2
6286	632.8	803.1
6287	632.8	803.1
6288	632.8	803.1
6289	633.1	802.8
6290	633.0	802.8
6291	633.1	802.7
6292	632.8	802.7
6293	633.0	802.5
6294	632.7	802.7
6295	632.8	802.7
6296	632.7	802.7
6297	632.6	802.8
6298	632.8	802.7
6299	632.8	802.8
6300	632.5	802.8
6301	632.4	802.8
6302	632.5	802.8
6303	632.7	802.9
6304	632.8	802.8
6305	632.6	802.8
6306	632.6	802.9
6307	632.4	803.0
6308	632.5	803.1
6309	632.5	802.9
6310	632.5	803.1
6311	632.4	803.0
6312	632.4	802.9
6313	632.4	803.0
6314	632.5	803.0
6315	632.2	803.3
6316	632.4	803.2
6317	632.4	802.9
6318	632.5	802.7
6319	632.3	803.2
6320	632.3	803.3
6321	632.2	803.3
6322	632.3	803.3
6323	632.4	803.2
6324	632.5	803.1
6325	632.6	803.2
6326	632.3	803.3
6327	632.2	803.3
6328	632.5	803.3
6329	632.5	803.3
6330	632.6	803.3
6331	632.3	803.3
6332	632.3	803.4
6333	632.4	803.4
6334	632.5	803.3
6335	632.7	803.2
6336	632.6	803.1
6337	632.3	803.2
6338	632.6	803.2
6339	632.6	803.1
6340	632.5	803.2
6341	632.4	803.4
6342	632.6	803.2
6343	632.7	803.2
6344	632.9	803.1
6345	632.6	803.3
6346	632.7	803.5
6347	632.8	803.4
6348	633.1	803.4
6349	632.9	803.4
6350	632.9	803.5
6351	632.9	803.4
6352	633.0	803.5
6353	632.9	803.6
6354	632.8	803.6
6355	632.9	803.6
6356	633.0	803.8
6357	633.1	803.7
6358	633.0	803.7
6359	632.9	803.7
6360	632.9	803.8
6361	633.0	803.7
6362	633.1	803.8
6363	633.0	803.7
6364	633.1	803.9
6365	633.1	803.7
6366	633.1	803.9
6367	632.9	803.8
6368	632.9	803.8
6369	633.1	803.7
6370	633.0	803.8
6371	633.1	803.7
6372	632.9	803.8
6373	632.7	803.7
6374	633.0	803.9
6375	632.7	803.8
6376	632.8	803.8
6377	632.8	803.6
6378	632.8	803.9
6379	632.8	803.8
6380	632.8	803.9
6381	632.7	803.8
6382	632.7	803.9
6383	632.8	803.6
6384	632.8	803.8
6385	632.7	803.6
6386	632.6	803.6
6387	632.6	803.4
6388	632.6	803.2
6389	632.5	803.5
6390	632.4	803.5
6391	632.4	803.3
6392	632.4	803.2
6393	632.4	803.2
6394	632.4	803.1
6395	632.5	803.1
6396	632.6	802.9
6397	632.6	802.8
6398	632.3	803.0
6399	632.4	802.9
6400	632.5	802.9
6401	632.6	802.7
6402	632.7	802.7
6403	632.2	802.6
6404	632.6	802.5
6405	632.3	802.5
6406	632.4	802.4
6407	632.3	802.6
6408	632.2	802.5
6409	632.7	802.4
6410	632.5	802.4
6411	632.3	802.3
6412	632.0	802.3
6413	632.3	802.2
6414	632.2	802.4
6415	632.4	802.0
6416	632.2	802.2
6417	632.3	802.2
6418	632.5	802.2
6419	632.4	802.2
6420	632.5	802.2
6421	632.3	802.2
6422	632.3	802.1
6423	632.5	802.0
6424	632.4	801.9
6425	632.5	802.0
6426	632.5	802.1
6427	632.3	802.2
6428	632.3	802.1
6429	632.4	802.2
6430	632.5	802.1
6431	632.2	802.1
6432	632.3	802.0
6433	632.2	802.0
6434	632.4	801.9
6435	632.1	801.9
6436	632.2	802.0
6437	632.3	801.9
6438	632.2	802.1
6439	632.2	801.9
6440	632.1	802.0
6441	632.3	802.1
6442	632.2	802.1
6443	632.3	802.0
6444	632.5	801.9
6445	632.2	802.0
6446	632.2	802.0
6447	632.1	801.9
6448	632.4	801.9
6449	632.2	801.9
6450	632.0	802.0
6451	632.3	802.0
6452	632.0	801.9
6453	632.1	802.0
6454	632.3	801.9
6455	632.0	802.0
6456	632.2	801.9
6457	632.0	802.0
6458	632.2	801.9
6459	632.0	802.0
6460	632.0	802.1
6461	632.1	801.9
6462	632.0	802.0
6463	632.1	802.1
6464	631.8	802.0
6465	632.1	802.1
6466	632.1	802.1
6467	632.2	802.1
6468	632.1	802.1
6469	631.8	802.1
6470	631.9	802.2
6471	632.0	802.1
6472	631.9	802.1
6473	632.0	802.1
6474	631.8	802.2
6475	631.8	802.1
6476	632.0	802.2
6477	631.8	802.1
6478	631.9	802.1
6479	631.9	802.0
6480	631.6	802.0
6481	631.9	802.0
6482	631.8	802.0
6483	631.8	802.1
6484	631.9	802.1
6485	631.7	801.9
6486	631.8	801.9
6487	631.6	802.1
6488	631.7	802.2
6489	631.8	802.0
6490	631.7	801.9
6491	631.7	802.0
6492	631.6	802.2
6493	631.9	801.9
6494	631.8	802.0
6495	631.8	802.1
6496	631.8	802.0
6497	631.8	802.0
6498	631.9	801.9
6499	631.5	802.0
6500	631.8	802.2
6501	631.8	802.1
6502	631.8	802.1
6503	631.6	802.2
6504	631.8	802.1
6505	631.9	802.2
6506	631.7	802.2
6507	631.8	802.2
6508	631.8	802.3
6509	632.0	802.2
6510	631.8	802.4
6511	632.0	802.2
6512	632.0	802.3
6513	631.8	802.4
6514	631.9	802.4
6515	632.1	802.4
6516	632.2	802.6
6517	632.0	802.6
6518	632.1	802.8
6519	632.2	802.7
6520	632.3	802.8
6521	632.0	802.8
6522	631.9	803.0
6523	632.0	802.9
6524	632.0	803.0
6525	632.0	803.1
6526	632.0	803.1
6527	631.9	803.2
6528	632.1	803.3
6529	632.1	803.2
6530	632.1	803.1
6531	632.1	803.2
6532	631.8	803.2
6533	631.9	803.4
6534	632.0	803.2
6535	632.0	803.4
6536	632.0	803.5
6537	631.9	803.5
6538	631.9	803.4
6539	632.1	803.4
6540	632.0	803.5
6541	632.2	803.3
6542	632.0	803.6
6543	632.2	803.5
6544	632.0	803.5
6545	632.0	803.5
6546	632.0	803.6
6547	632.0	803.6
6548	632.0	803.6
6549	632.4	803.6
6550	632.2	803.6
6551	632.1	803.7
6552	632.2	803.6
6553	632.2	803.6
6554	632.2	803.6
6555	632.2	803.5
6556	632.1	803.7
6557	632.2	803.6
6558	632.2	803.6
6559	632.2	803.6
6560	632.2	803.6
6561	632.2	803.7
6562	632.1	803.7
6563	632.5	803.6
6564	632.4	803.7
6565	632.4	803.8
6566	632.3	803.9
6567	632.3	803.8
6568	632.6	803.8
6569	632.4	803.7
6570	632.3	803.9
6571	632.4	803.8
6572	632.5	803.8
6573	632.5	803.9
6574	632.6	803.9
6575	632.5	803.9
6576	632.5	803.9
6577	632.7	803.8
6578	632.4	803.8
6579	632.4	804.0
6580	632.3	804.0
6581	632.2	804.1
6582	632.7	803.9
6583	632.7	803.9
6584	632.6	804.0
6585	632.5	803.9
6586	632.5	804.0
6587	632.7	803.9
6588	632.5	803.9
6589	632.6	803.9
6590	632.4	803.9
6591	632.4	803.8
6592	632.6	804.0
6593	632.6	803.9
6594	632.5	803.9
6595	632.5	803.9
6596	632.6	803.9
6597	632.7	803.9
6598	632.5	803.8
6599	632.6	803.9
6600	632.4	803.8
6601	632.6	803.7
6602	632.7	803.7
6603	632.9	803.7
6604	632.4	803.8
6605	632.5	803.9
6606	632.7	803.7
6607	632.7	803.7
6608	632.6	803.6
6609	632.6	803.7
6610	632.9	803.7
6611	632.6	804.0
6612	632.5	803.8
6613	632.7	803.7
6614	632.7	803.8
6615	632.6	803.8
6616	632.6	803.9
6617	632.5	803.9
6618	632.6	803.8
6619	632.6	803.8
6620	632.6	803.9
6621	632.6	803.9
6622	632.6	803.8
6623	632.6	803.9
6624	632.4	803.9
6625	632.4	804.1
6626	632.5	804.0
6627	632.4	804.0
6628	632.4	804.0
6629	632.4	804.0
6630	632.5	804.0
6631	632.6	804.1
6632	632.5	804.2
6633	632.5	804.1
6634	632.5	804.2
6635	632.6	804.3
6636	632.3	804.2
6637	632.4	804.2
6638	632.6	804.4
6639	632.4	804.1
6640	632.3	804.4
6641	632.4	804.5
6642	632.3	804.5
6643	632.2	804.4
6644	632.3	804.3
6645	632.4	804.3
6646	632.4	804.4
6647	632.2	804.4
6648	632.6	804.4
6649	632.4	804.4
6650	632.6	804.3
6651	632.3	804.4
6652	631.9	804.3
6653	632.5	804.2
6654	632.5	804.1
6655	632.3	804.2
6656	632.2	804.3
6657	632.6	804.1
6658	632.6	804.3
6659	632.5	804.2
6660	632.3	804.3
6661	632.3	804.2
6662	632.5	804.1
6663	632.6	804.0
6664	632.3	804.2
6665	632.6	804.1
6666	632.6	804.0
6667	632.6	804.1
6668	632.6	804.1
6669	632.4	804.1
6670	632.6	804.1
6671	632.7	804.2
6672	632.5	804.1
6673	632.7	804.2
6674	632.5	804.2
6675	632.3	804.3
6676	632.5	804.2
6677	632.6	804.3
6678	632.7	804.3
6679	632.4	804.3
6680	632.2	804.3
6681	632.6	804.2
6682	632.3	804.3
6683	632.4	804.3
6684	632.3	804.3
6685	632.5	804.2
6686	632.7	804.2
6687	632.4	804.2
6688	632.3	804.3
6689	632.4	804.2
6690	632.3	804.2
6691	632.4	804.1
6692	632.3	804.1
6693	632.3	804.1
6694	632.4	804.0
6695	632.5	804.0
6696	632.3	804.0
6697	632.2	804.0
6698	632.4	803.9
6699	632.2	804.0
6700	632.0	804.0
6701	632.4	804.0
6702	632.3	804.0
6703	632.4	804.0
6704	632.3	803.9
6705	632.2	803.8
6706	632.1	804.0
6707	632.3	803.8
6708	632.2	803.7
6709	632.1	803.6
6710	632.3	803.8
6711	632.2	803.6
6712	632.0	803.6
6713	632.1	803.6
6714	632.3	803.6
6715	632.1	803.6
6716	632.1	803.3
6717	631.9	803.4
6718	632.0	803.5
6719	632.3	803.4
6720	632.1	803.3
6721	632.0	803.3
6722	631.9	803.4
6723	632.0	803.2
6724	631.9	803.1
6725	632.0	803.0
6726	632.1	803.0
6727	631.6	802.9
6728	631.9	803.1
6729	632.0	803.0
6730	631.8	802.9
6731	631.6	803.0
6732	631.8	802.8
6733	631.6	802.8
6734	631.5	802.8
6735	631.6	802.7
6736	631.8	802.5
6737	631.5	802.5
6738	631.6	802.6
6739	631.5	802.6
6740	631.4	802.5
6741	631.4	802.4
6742	631.8	802.5
6743	631.6	802.6
6744	631.2	802.6
6745	631.1	802.4
6746	631.0	802.3
6747	631.1	802.2
6748	631.2	802.2
6749	631.3	802.2
6750	631.2	801.9
6751	631.1	801.6
6752	631.3	801.2
6753	630.9	800.9
6754	630.9	800.6
6755	631.1	800.2
6756	631.0	799.6
6757	630.8	798.8
6758	630.8	798.2
6759	631.1	797.4
6760	631.2	796.6
6761	631.2	795.9
6762	631.2	795.2
6763	631.2	794.4
6764	631.4	793.5
6765	631.5	792.8
6766	631.3	792.1
6767	631.2	791.2
6768	631.3	790.3
6769	631.6	789.4
6770	631.7	788.7
6771	631.5	787.8
6772	631.7	787.1
6773	631.8	786.1
6774	631.5	785.5
6775	631.7	784.8
6776	631.6	783.9
6777	631.6	782.8
6778	631.8	782.0
6779	631.9	781.2
6780	632.0	780.4
6781	632.1	779.6
6782	632.1	778.8
6783	632.2	778.0
6784	632.5	777.2
6785	632.3	776.5
6786	632.4	775.6
6787	632.4	774.7
6788	632.5	773.8
6789	632.8	773.3
6790	632.3	772.6
6791	632.8	771.9
6792	632.7	771.0
6793	632.7	770.1
6794	632.8	769.3
6795	632.9	768.6
6796	632.9	767.5
6797	633.1	766.4
6798	633.2	765.5
6799	633.3	764.6
6800	633.4	763.7
6801	633.5	762.9
6802	633.4	761.9
6803	633.8	761.1
6804	633.9	760.1
6805	633.7	759.3
6806	634.2	758.1
6807	634.1	757.5
6808	633.8	756.7
6809	634.3	755.7
6810	634.1	755.1
6811	634.5	754.0
6812	634.2	753.1
6813	634.2	752.3
6814	634.2	751.3
6815	634.3	750.3
6816	634.7	749.4
6817	634.5	748.5
6818	634.5	747.5
6819	634.5	746.9
6820	635.0	745.7
6821	634.9	744.8
6822	634.8	744.0
6823	635.0	742.9
6824	634.9	742.1
6825	635.3	741.3
6826	635.2	740.5
6827	635.2	739.7
6828	635.5	738.8
6829	635.4	737.9
6830	635.6	737.1
6831	635.6	736.2
6832	635.6	735.2
6833	635.8	734.1
6834	635.9	733.1
6835	635.9	732.6
6836	635.9	731.5
6837	635.6	730.2
6838	636.0	729.3
6839	635.9	728.2
6840	636.3	727.3
6841	636.5	726.4
6842	636.3	725.4
6843	636.3	724.6
6844	636.6	723.8
6845	636.6	722.9
6846	636.8	721.8
6847	636.9	720.9
6848	636.9	720.1
6849	636.9	718.9
6850	636.9	718.0
6851	637.1	717.0
6852	637.2	716.1
6853	637.0	715.2
6854	637.3	713.9
6855	637.3	712.9
6856	637.2	711.9
6857	637.6	710.9
6858	637.3	709.9
6859	637.4	708.9
6860	637.3	708.1
6861	637.5	707.3
6862	637.3	706.4
6863	637.4	705.5
6864	637.5	704.4
6865	637.7	703.2
6866	637.6	702.3
6867	637.6	701.5
6868	637.7	700.5
6869	637.6	699.7
6870	637.9	698.9
6871	638.0	697.7
6872	637.6	696.9
6873	637.7	695.9
6874	637.9	694.8
6875	637.8	693.9
6876	637.9	692.9
6877	637.7	692.1
6878	637.7	691.3
6879	637.6	690.2
6880	637.6	689.4
6881	637.4	688.6
6882	637.5	687.4
6883	637.3	686.4
6884	637.4	685.6
6885	637.3	684.6
6886	637.1	683.9
6887	637.0	682.9
6888	637.2	681.8
6889	637.1	680.9
6890	637.1	679.7
6891	637.1	678.8
6892	636.9	677.8
6893	636.9	677.0
6894	636.6	676.1
6895	636.7	675.4
6896	636.6	674.3
6897	636.8	673.3
6898	636.7	672.5
6899	636.8	671.4
6900	636.5	670.4
6901	636.7	669.4
6902	636.6	668.6
6903	636.6	667.8
6904	636.3	667.0
6905	636.4	666.0
6906	636.6	664.9
6907	636.5	663.9
6908	636.4	662.9
6909	636.3	662.1
6910	636.5	661.0
6911	636.1	660.3
6912	636.3	659.5
6913	636.2	658.5
6914	636.3	657.4
6915	636.4	656.8
6916	636.6	655.6
6917	636.6	654.8
6918	636.4	653.8
6919	636.4	653.0
6920	636.5	652.2
6921	636.4	651.4
6922	636.3	650.3
6923	636.4	649.4
6924	636.3	648.4
6925	636.7	647.6
6926	636.7	646.7
6927	636.5	645.8
6928	636.6	644.9
6929	636.4	644.4
6930	636.4	643.5
6931	636.6	642.7
6932	636.6	641.7
6933	636.6	641.0
6934	636.7	640.0
6935	636.8	639.1
6936	636.8	638.3
6937	636.9	637.5
6938	636.7	636.8
6939	636.6	636.0
6940	636.7	635.2
6941	636.5	634.4
6942	636.8	633.6
6943	636.7	632.8
6944	637.0	631.8
6945	637.1	631.0
6946	637.0	630.3
6947	637.1	629.5
6948	637.1	628.8
6949	636.9	628.1
6950	637.1	627.5
6951	637.1	626.7
6952	637.1	626.0
6953	637.3	625.3
6954	637.4	624.6
6955	637.3	623.7
6956	637.5	622.9
6957	637.5	622.2
6958	637.5	621.3
6959	637.4	620.8
6960	637.5	620.0
6961	637.9	619.4
6962	637.7	618.7
6963	637.7	617.8
6964	638.1	617.1
6965	637.7	616.5
6966	638.0	615.6
6967	638.0	614.9
6968	638.0	614.2
6969	638.1	613.3
6970	638.2	612.5
6971	638.1	611.8
6972	638.4	611.2
6973	638.2	610.6
6974	638.2	609.9
6975	638.7	609.3
6976	638.2	608.7
6977	638.5	608.1
6978	638.6	607.3
6979	638.4	606.6
6980	638.2	605.8
6981	638.5	605.2
6982	638.5	604.4
6983	638.5	603.6
6984	638.8	603.0
6985	638.7	602.4
6986	638.9	601.6
6987	638.8	601.0
6988	638.7	600.3
6989	638.9	599.6
6990	638.8	599.1
6991	639.0	598.2
6992	638.7	597.5
6993	638.8	596.9
6994	638.9	596.2
6995	638.7	595.8
6996	638.7	595.3
6997	638.9	594.8
6998	638.8	594.4
6999	638.8	594.0
7000	639.0	593.6
7001	639.1	593.5
7002	639.0	593.3
7003	638.9	593.0
7004	638.9	592.7
7005	638.9	592.6
7006	638.8	592.4
7007	638.7	592.2
7008	639.2	592.1
7009	638.6	592.0
7010	639.0	592.0
7011	638.8	591.9
7012	638.9	591.8
7013	638.8	591.7
7014	639.1	591.7
7015	638.6	591.6
7016	638.8	591.5
7017	638.9	591.4
7018	638.6	591.4
7019	638.7	591.4
7020	638.7	591.3
7021	638.8	591.2
7022	638.5	591.2
7023	638.7	591.2
7024	638.9	591.1
7025	638.7	591.0
7026	638.8	591.0
7027	638.7	590.8
7028	638.6	590.8
7029	638.8	590.8
7030	638.6	590.7
7031	638.6	590.6
7032	638.6	590.6
7033	638.4	590.5
7034	638.5	590.5
7035	638.3	590.5
7036	638.1	590.5
7037	638.2	590.4
7038	638.3	590.2
7039	638.0	590.1
7040	637.6	590.1
7041	637.8	590.0
7042	637.5	589.9
7043	637.1	589.9
7044	637.0	589.8
7045	636.5	589.7
7046	636.4	589.6
7047	635.8	589.5
7048	635.4	589.5
7049	635.3	589.4
7050	634.9	589.4
7051	634.3	589.3
7052	634.2	589.1
7053	633.6	588.9
7054	633.0	588.8
7055	632.4	588.6
7056	631.6	588.6
7057	631.3	588.4
7058	630.7	588.3
7059	630.1	588.2
7060	629.0	588.3
7061	628.4	588.0
7062	627.8	588.0
7063	626.9	587.8
7064	626.2	587.5
7065	625.2	587.5
7066	624.7	587.2
7067	623.5	586.9
7068	622.5	586.6
7069	622.1	586.3
7070	620.6	586.3
7071	619.9	586.0
7072	618.9	585.5
7073	618.1	585.1
7074	617.0	584.7
7075	615.8	584.3
7076	614.8	583.6
7077	613.9	583.2
7078	612.7	582.4
7079	611.5	581.8
7080	610.6	581.2
7081	609.4	580.6
7082	608.3	580.1
7083	607.0	579.5
7084	605.8	579.0
7085	604.5	578.1
7086	603.3	577.5
7087	602.3	576.7
7088	600.9	576.2
7089	599.3	575.4
7090	598.1	574.3
7091	596.9	573.6
7092	595.6	573.0
7093	594.2	572.2
7094	592.8	571.5
7095	591.5	570.6
7096	590.0	569.7
7097	588.4	568.9
7098	587.1	567.9
7099	585.7	567.1
7100	583.7	565.9
7101	582.7	564.9
7102	581.2	564.0
7103	579.6	563.2
7104	577.9	562.2
7105	576.5	561.4
7106	574.6	560.4
7107	573.1	559.3
7108	571.7	558.3
7109	570.0	557.4
7110	568.5	556.4
7111	566.8	555.3
7112	564.6	554.6
7113	563.1	553.4
7114	561.2	552.4
7115	559.6	551.4
7116	557.6	550.2
7117	555.8	549.3
7118	553.9	548.2
7119	552.0	547.3
7120	550.4	546.0
7121	548.2	545.1
7122	546.4	543.9
7123	544.5	542.9
7124	542.5	541.6
7125	540.8	540.7
7126	538.9	539.6
7127	537.0	538.7
7128	535.1	537.4
7129	532.9	536.3
7130	531.1	535.1
7131	528.6	534.2
7132	526.8	532.9
7133	524.5	531.9
7134	522.7	530.9
7135	520.6	530.0
7136	518.3	528.7
7137	516.0	527.8
7138	514.0	526.7
7139	511.5	525.4
7140	509.7	524.4
7141	507.6	523.3
7142	505.3	522.1
7143	503.3	520.8
7144	500.9	519.6
7145	498.2	518.5
7146	496.3	517.3
7147	493.8	516.1
7148	491.5	514.9
7149	489.4	513.9
7150	486.8	512.7
7151	484.7	511.3
7152	482.1	510.1
7153	479.7	508.9
7154	477.1	507.5
7155	474.9	506.5
7156	472.6	505.3
7157	469.8	504.0
7158	467.5	502.7
7159	465.4	501.4
7160	462.6	500.2
7161	460.1	499.1
7162	457.6	497.7
7163	455.1	496.4
7164	452.8	495.0
7165	449.6	493.4
7166	447.1	491.8
7167	444.8	490.7
7168	442.6	489.0
7169	439.9	487.5
7170	437.0	485.9
7171	434.4	484.4
7172	431.3	483.1
7173	428.8	481.5
7174	426.0	479.8
7175	423.2	478.4
7176	420.4	476.7
7177	417.8	475.2
7178	414.9	473.3
7179	411.8	471.7
7180	409.2	469.9
7181	406.2	468.4
7182	403.2	466.8
7183	400.4	465.1
7184	397.2	463.3
7185	394.4	461.5
7186	391.4	459.5
7187	388.7	458.1
7188	385.5	456.3
7189	381.9	454.5
7190	379.1	452.7
7191	375.9	451.1
7192	373.1	449.3
7193	370.0	447.6
7194	366.6	445.6
7195	363.4	444.1
7196	360.4	442.4
7197	357.2	440.5
7198	353.9	438.7
7199	350.7	436.8
7200	347.6	435.1
7201	344.6	433.5
7202	341.1	431.7
7203	337.4	430.0
7204	334.5	428.1
7205	331.0	426.5
7206	327.9	424.5
7207	324.6	422.8
7208	321.0	421.0
7209	317.4	419.0
7210	314.4	417.4
7211	310.8	416.1
7212	308.0	414.3
7213	304.4	412.3
7214	300.8	410.8
7215	297.6	409.1
7216	294.1	407.3
7217	290.5	405.5
7218	286.7	403.5
7219	283.5	401.7
7220	280.1	400.1
7221	276.7	398.0
7222	273.3	396.2
7223	269.4	394.4
7224	266.1	392.5
7225	262.7	390.5
7226	259.2	388.4
7227	255.1	386.6
7228	251.7	384.8
7229	248.1	382.7
7230	244.5	380.3
7231	241.3	378.6
7232	237.3	376.4
7233	233.5	374.2
7234	229.7	372.0
7235	226.2	370.1
7236	222.3	367.9
7237	218.4	365.7
7238	214.6	363.8
7239	211.1	361.6
7240	207.4	359.5
7241	203.5	357.1
7242	199.5	355.3
7243	196.0	353.1
7244	192.3	350.7
7245	188.3	348.3
7246	184.5	346.6
7247	180.7	344.1
7248	176.6	341.8
7249	172.6	339.6
7250	169.0	337.3
7251	165.0	334.9
7252	161.3	332.4
7253	157.4	330.1
7254	153.7	327.9
7255	150.2	325.4
7256	146.3	323.0
7257	142.3	320.7
7258	138.6	318.5
7259	134.6	315.9
7260	131.3	313.3
7261	126.9	311.1
7262	122.8	308.3
7263	119.4	306.0
7264	115.6	303.9
7265	111.9	301.5
7266	108.1	298.7
7267	104.3	296.4
7268	100.5	293.8
7269	96.6	291.2
7270	92.9	288.8
7271	89.4	286.3
7272	84.9	283.5
7273	81.3	281.2
7274	77.6	278.6
7275	73.9	275.8
7276	70.0	273.4
7277	66.1	271.0
7278	62.7	268.1
7279	58.8	265.7
7280	55.1	262.8
7281	51.2	260.0
7282	47.7	257.4
7283	44.8	254.6
7284	41.1	252.0
7285	37.7	249.2
7286	34.0	246.3
7287	30.8	243.5
7288	27.3	240.9
7289	24.1	238.5
7290	20.2	236.0
7291	18.1	233.2
7292	16.0	230.4
7293	14.4	227.4
7294	12.9	225.4
7295	11.0	222.7
7296	10.2	221.1
7297	8.9	218.4
7298	7.4	215.8
7496	738.6	8.6
7497	744.2	9.6
7498	749.9	11.0
7499	757.8	11.8
7500	761.9	12.7
7501	769.5	13.8
7502	775.8	14.9
7503	780.6	16.3
7504	788.8	17.9
7505	793.3	20.3
7506	799.3	22.6
7507	806.6	24.7
7508	811.9	27.0
7509	817.5	29.0
7510	824.0	31.0
7511	828.9	33.8
7512	834.2	36.4
7513	841.0	38.6
7514	846.4	41.4
7515	851.4	43.9
7516	858.1	46.6
7517	863.3	48.9
7518	867.9	51.9
7519	873.3	54.7
7520	879.4	56.9
7521	884.3	59.9
7522	889.1	62.5
7523	895.2	65.0
7524	899.7	67.7
7525	904.8	70.9
7526	909.9	73.6
7527	915.1	76.6
7528	920.6	79.4
7529	924.9	82.2
7530	929.6	85.1
7531	934.9	88.1
7532	939.3	91.0
7533	944.4	93.6
7534	949.0	96.5
7535	953.1	99.4
7536	958.0	102.3
7537	963.3	104.8
7538	967.2	107.8
7539	971.8	110.8
7540	976.2	113.3
7541	981.2	116.4
7542	985.0	119.4
7543	989.2	121.8
7544	993.1	124.9
7545	997.8	127.5
7546	1001.9	130.6
7547	1006.1	133.3
7548	1009.6	135.7
7549	1014.0	138.5
7550	1018.0	141.4
7551	1022.2	144.0
7552	1026.1	146.7
7553	1029.8	149.3
7554	1033.7	152.1
7555	1036.6	154.9
7556	1040.7	157.9
7557	1043.7	160.3
7558	1048.4	163.0
7559	1051.8	165.7
7560	1055.5	168.7
7561	1058.0	171.2
7562	1062.0	174.2
7563	1065.4	176.6
7564	1069.5	179.5
7565	1072.2	182.1
7566	1075.7	185.0
7567	1079.1	187.5
7568	1082.0	189.9
7569	1085.9	192.9
7570	1088.8	195.3
7571	1091.9	198.4
7572	1095.6	201.0
7573	1097.8	203.8
7574	1101.6	206.4
7575	1104.3	208.9
7576	1107.6	211.7
7577	1110.0	214.3
7578	1113.5	217.1
7579	1115.6	219.6
7580	1119.4	222.1
7581	1121.6	225.0
7582	1125.0	227.5
7583	1127.2	230.1
7584	1130.3	232.8
7585	1133.3	235.2
7586	1135.4	237.9
7587	1138.2	240.5
7588	1141.0	243.1
7589	1143.5	245.8
7590	1146.6	248.0
7591	1148.9	250.6
7592	1151.1	253.1
7593	1154.1	255.8
7594	1156.3	258.1
7595	1158.8	260.7
7596	1161.5	263.0
7597	1163.5	265.7
7598	1166.0	267.9
7599	1168.6	270.3
7600	1170.4	272.9
7601	1173.3	275.3
7602	1175.4	277.8
7603	1177.6	280.2
7604	1179.8	282.4
7605	1181.5	284.9
7606	1184.3	287.1
7607	1185.8	289.7
7608	1188.2	291.9
7609	1190.2	294.3
7610	1192.5	296.9
7611	1194.2	299.2
7612	1196.2	301.4
7613	1198.1	303.8
7614	1199.8	306.1
7615	1201.9	308.4
7616	1203.8	310.8
7617	1205.6	313.2
7618	1207.6	315.6
7619	1209.3	317.8
7620	1211.0	319.8
7621	1212.7	322.4
7622	1214.4	324.5
7623	1216.3	327.0
7624	1218.0	329.2
7625	1219.7	331.5
7626	1221.4	334.1
7627	1223.3	336.4
7628	1224.8	338.8
7629	1226.4	340.7
7630	1227.7	343.1
7631	1229.6	345.4
7632	1230.7	347.6
7633	1232.6	349.8
7634	1234.1	351.8
7635	1235.3	354.0
7636	1236.2	356.2
7637	1238.0	358.5
7638	1239.1	360.6
7639	1240.1	362.6
7640	1241.5	364.7
7641	1242.4	367.0
7642	1243.6	368.8
7643	1244.5	370.7
7644	1245.6	372.6
7645	1246.2	374.4
7646	1247.4	376.2
7647	1247.7	378.0
7648	1248.3	379.7
7649	1248.9	381.4
7650	1249.6	383.2
7651	1249.9	384.9
7652	1250.6	386.4
7653	1250.9	388.0
7654	1251.3	389.8
7655	1251.4	391.4
7656	1252.0	392.9
7657	1251.8	394.4
7658	1251.8	395.9
7659	1252.1	397.3
7660	1251.9	398.6
7661	1251.9	400.3
7662	1252.0	401.7
7663	1251.7	403.0
7664	1251.5	404.4
7665	1251.5	406.2
7666	1251.2	407.7
7667	1250.9	409.2
7668	1250.8	410.6
7669	1250.2	412.0
7670	1249.9	413.6
7671	1249.7	414.9
7672	1249.1	416.6
7673	1248.6	418.0
7674	1248.1	419.3
7675	1247.5	420.7
7676	1246.8	422.2
7677	1246.3	423.9
7678	1245.8	425.4
7679	1245.0	426.9
7680	1243.9	428.3
7681	1243.2	429.7
7682	1242.6	431.1
7683	1241.5	432.4
7684	1240.6	433.8
7685	1239.6	434.9
7686	1238.6	436.2
7687	1237.5	437.6
7688	1236.4	439.1
7689	1235.1	440.7
7690	1234.3	441.9
7691	1232.9	443.4
7692	1231.9	444.5
7693	1230.5	446.0
7694	1229.5	447.3
7695	1228.3	448.8
7696	1227.0	449.9
7697	1225.2	451.3
7698	1223.9	452.4
7699	1222.4	453.7
7700	1221.0	455.1
7701	1219.5	456.5
7702	1217.9	457.7
7703	1216.4	459.2
7704	1214.6	460.2
7705	1213.3	461.7
7706	1211.6	463.0
7707	1210.0	464.2
7708	1208.2	465.5
7709	1206.1	466.7
7710	1204.9	467.7
7711	1203.2	468.8
7712	1201.3	470.1
7713	1199.5	471.2
7714	1197.7	472.6
7715	1195.9	473.9
7716	1193.8	475.2
7717	1191.9	476.1
7718	1189.9	477.3
7719	1188.0	478.4
7720	1185.7	479.4
7721	1184.1	480.8
7722	1182.0	481.8
7723	1179.5	483.0
7724	1177.6	484.0
7725	1175.2	485.1
7726	1173.5	486.1
7727	1171.1	487.2
7728	1169.1	488.3
7729	1167.0	489.4
7730	1164.8	490.6
7731	1162.1	491.8
7732	1160.0	492.6
7733	1157.5	493.9
7734	1155.3	495.2
7735	1152.8	496.5
7736	1150.8	497.3
7737	1148.1	498.6
7738	1145.9	499.8
7739	1143.6	500.5
7740	1141.5	501.3
7741	1139.4	502.4
7742	1136.8	503.6
7743	1134.5	504.5
7744	1132.1	505.7
7745	1129.9	506.8
7746	1127.6	507.6
7747	1125.2	508.5
7748	1122.7	509.2
7749	1120.3	510.1
7750	1117.9	511.2
7751	1115.8	512.5
7752	1113.6	513.2
7753	1111.3	513.9
7754	1108.8	514.9
7755	1106.4	515.8
7756	1103.9	516.4
7757	1101.7	517.0
7758	1099.2	518.3
7759	1096.5	519.3
7760	1094.0	519.9
7761	1091.9	520.8
7762	1089.3	521.6
7763	1086.9	522.5
7764	1084.6	523.5
7765	1082.6	524.2
7766	1080.0	524.6
7767	1077.3	525.2
7768	1075.1	525.6
7769	1072.7	526.2
7770	1070.2	527.2
7771	1067.9	528.1
7772	1065.4	528.5
7773	1062.8	529.1
7774	1060.6	529.7
7775	1058.0	530.0
7776	1055.3	530.6
7777	1053.2	531.3
7778	1050.9	531.7
7779	1048.8	532.1
7780	1046.4	532.3
7781	1043.8	532.7
7782	1041.5	533.2
7783	1039.5	533.6
7784	1036.8	534.1
7785	1034.5	534.5
7786	1032.1	535.1
7787	1029.9	535.3
7788	1027.6	535.7
7789	1025.4	535.9
7790	1022.8	536.5
7791	1020.6	536.9
7792	1018.2	537.4
7793	1016.1	537.4
7794	1013.6	538.0
7795	1010.9	538.2
7796	1008.3	538.5
7797	1005.9	538.9
7798	1003.4	539.1
7799	1001.2	539.1
7800	998.6	539.5
7801	996.3	539.8
7802	993.6	539.8
7803	991.0	540.3
7804	988.7	540.5
7805	986.4	540.5
7806	984.1	540.8
7807	981.1	540.9
7808	978.8	541.0
7809	976.6	541.1
7810	973.9	541.3
7811	971.6	541.3
7812	969.3	541.5
7813	966.4	542.0
7814	964.1	541.9
7815	961.5	541.9
7816	959.0	542.2
7817	956.6	542.2
7818	954.3	542.5
7819	951.2	542.8
7820	949.2	542.6
7821	946.4	542.7
7822	943.9	542.8
7823	941.3	542.9
7824	938.7	543.0
7825	935.9	543.1
7826	933.0	543.0
7827	930.5	543.1
7828	927.6	543.0
7829	925.2	542.9
7830	922.9	543.0
7831	920.3	543.0
7832	917.7	543.0
7833	915.0	542.9
7834	912.6	542.9
7835	909.7	543.0
7836	906.7	543.0
7837	903.9	542.8
7838	901.5	542.6
7839	898.9	542.5
7840	896.2	542.4
7841	893.4	542.3
7842	890.8	541.9
7843	887.9	541.9
7844	885.2	541.8
7845	882.5	541.4
7846	879.9	541.2
7847	876.9	541.1
7848	874.4	540.9
7849	871.6	540.8
7850	868.8	540.5
7851	866.0	540.5
7852	863.0	540.3
7853	860.3	540.3
7854	857.7	539.7
7855	855.0	539.4
7856	852.0	539.4
7857	848.9	539.0
7858	846.1	538.7
7859	843.2	538.4
7860	840.4	538.1
7861	837.4	537.7
7862	834.5	537.5
7863	831.6	537.2
7864	828.5	537.0
7865	825.6	536.6
7866	822.6	536.2
7867	819.7	535.9
7868	816.5	535.5
7869	813.3	535.1
7870	810.3	534.9
7871	807.1	534.5
7872	804.0	533.8
7873	800.9	533.4
7874	797.9	533.0
7875	794.5	532.6
7876	791.4	532.2
7877	788.4	531.9
7878	785.3	531.6
7879	782.1	531.1
7880	778.8	530.9
7881	775.6	530.3
7882	772.1	529.9
7883	768.8	529.3
7884	765.5	528.8
7885	762.4	528.3
7886	759.1	527.8
7887	755.9	527.3
7888	752.3	527.0
7889	749.2	526.5
7890	745.7	525.9
7891	742.3	525.3
7892	738.9	524.7
7893	735.3	524.3
7894	731.9	523.7
7895	728.4	523.5
7896	724.9	522.9
7897	721.5	522.5
7898	718.3	521.9
7899	714.4	521.5
7900	711.0	520.7
7901	707.5	520.0
7902	703.7	519.4
7903	700.2	518.8
7904	696.5	518.3
7905	693.3	517.3
7906	689.3	516.7
7907	685.6	516.1
7908	681.9	515.8
7909	678.4	515.2
7910	674.7	514.6
7911	671.1	513.8
7912	667.4	513.3
7913	663.5	512.6
7914	659.8	511.8
7915	656.1	511.3
7916	652.3	510.4
7917	648.1	509.6
7918	644.0	509.0
7919	640.3	508.4
7920	636.8	507.6
7921	632.9	507.2
7922	628.7	506.5
7923	624.6	505.8
7924	620.6	505.4
7925	616.6	504.8
7926	612.5	503.8
7927	608.6	503.3
7928	604.4	502.4
7929	600.5	501.6
7930	596.2	500.8
7931	592.1	500.1
7932	588.1	499.4
7933	583.8	498.9
7934	579.3	497.8
7935	575.2	497.1
7936	570.9	496.3
7937	566.6	495.6
7938	562.4	494.9
7939	558.2	493.9
7940	553.5	493.1
7941	548.8	492.4
7942	544.3	491.7
7943	540.2	491.1
7944	535.8	490.2
7945	531.1	489.5
7946	526.5	488.8
7947	522.1	487.6
7948	517.4	486.9
7949	512.8	486.0
7950	508.4	485.1
7951	503.9	484.3
7952	499.9	483.5
7953	495.2	482.3
7954	491.0	481.7
7955	486.7	480.7
7956	482.4	479.8
7957	478.6	479.2
7958	474.6	478.8
7959	470.3	477.7
7960	466.2	477.1
7961	462.4	476.5
7962	458.6	475.7
7963	454.9	475.1
7964	450.9	474.7
7965	447.1	473.7
7966	443.4	473.3
7967	440.2	472.7
7968	436.5	472.2
7969	432.7	471.6
7970	429.1	470.9
7971	425.8	470.4
7972	422.1	469.8
7973	418.5	469.0
7974	415.2	468.5
7975	411.6	467.9
7976	408.3	467.5
7977	404.9	467.0
7978	401.2	466.3
7979	397.5	465.6
7980	394.1	465.0
7981	390.8	464.4
7982	387.0	463.7
7983	383.3	463.1
7984	380.2	462.5
7985	376.6	461.7
7986	372.9	461.1
7987	369.4	460.6
7988	365.6	459.7
7989	361.9	459.2
7990	358.3	458.5
7991	354.6	457.9
7992	350.9	457.0
7993	347.3	456.4
7994	344.2	455.8
7995	340.3	455.0
7996	336.1	454.4
7997	332.1	453.3
7998	328.6	452.8
7999	324.9	451.7
8000	320.8	451.1
8001	316.9	450.4
8002	313.0	449.6
8003	309.1	448.6
8004	305.0	447.8
8005	301.6	447.1
8006	297.6	446.4
8007	293.6	445.2
8008	290.3	444.6
8009	285.8	443.8
8010	282.2	443.1
8011	278.3	442.2
8012	274.1	441.7
8013	270.2	440.5
8014	266.3	439.7
8015	262.7	439.1
8016	258.8	438.1
8017	255.0	436.8
8018	250.6	436.2
8019	246.3	435.4
8020	242.9	435.1
8021	238.4	434.0
8022	234.7	433.5
8023	230.3	432.2
8024	225.9	431.3
8025	222.1	430.7
8026	217.9	429.9
8027	214.1	429.2
8028	209.8	428.2
8029	205.5	427.2
8030	201.7	426.4
8031	197.5	425.6
8032	193.3	424.8
8033	188.9	423.7
8034	184.4	422.8
8035	180.7	421.8
8036	175.9	420.5
8037	171.9	419.7
8038	167.4	418.9
8039	163.2	417.7
8040	158.9	417.0
8041	154.9	415.6
8042	150.5	414.5
8043	145.9	413.4
8044	141.7	412.5
8045	137.4	411.5
8046	133.0	410.6
8047	128.9	409.9
8048	124.3	408.7
8049	120.5	407.9
8050	116.2	407.0
8051	111.6	405.9
8052	107.4	404.8
8053	103.5	403.9
8054	99.6	403.0
8055	95.0	402.0
8056	91.1	401.0
8057	86.8	399.9
8058	83.3	398.9
8059	79.0	397.6
8060	74.4	397.1
8061	70.4	395.8
8062	66.6	395.1
8063	62.8	393.9
8064	58.6	393.0
8065	54.6	391.7
8066	50.9	390.7
8067	46.5	389.5
8068	42.9	388.5
8069	38.7	387.5
8070	34.7	386.6
8071	31.2	385.4
8072	27.4	384.4
8073	23.9	382.9
8074	20.2	381.9
8075	16.7	380.7
8076	14.4	379.3
8077	12.0	377.9
8078	10.1	377.1
8079	8.3	376.1
8080	7.0	375.7
8081	5.8	374.7
8877	1760.1	8.9
8878	1752.0	10.7
8879	1741.8	12.9
8880	1731.6	15.1
8881	1723.1	18.4
8882	1712.5	22.2
8883	1704.1	25.2
8884	1694.0	29.0
8885	1685.2	31.7
8886	1676.1	35.2
8887	1666.5	38.5
8888	1657.4	42.2
8889	1648.3	45.4
8890	1638.5	48.3
8891	1629.7	51.9
8892	1620.2	54.9
8893	1610.8	58.2
8894	1601.6	61.5
8895	1592.4	64.5
8896	1583.5	67.5
8897	1573.4	70.7
8898	1564.4	74.0
8899	1555.3	77.1
8900	1546.0	80.2
8901	1536.6	83.2
8902	1527.6	86.1
8903	1518.0	89.3
8904	1508.3	92.4
8905	1499.8	95.0
8906	1490.2	98.0
8907	1480.9	100.9
8908	1471.5	103.7
8909	1462.6	106.6
8910	1453.1	109.3
8911	1443.9	111.9
8912	1435.2	114.6
8913	1425.5	117.7
8914	1416.5	120.2
8915	1407.4	123.3
8916	1398.3	125.9
8917	1389.1	128.2
8918	1379.8	130.9
8919	1371.3	133.7
8920	1361.7	136.3
8921	1352.8	138.8
8922	1343.6	141.7
8923	1334.6	143.9
8924	1326.3	146.3
8925	1316.9	149.1
8926	1308.2	151.4
8927	1299.4	153.9
8928	1290.3	156.6
8929	1281.3	158.8
8930	1272.3	161.0
8931	1263.6	163.5
8932	1254.9	166.1
8933	1246.0	168.2
8934	1237.4	170.4
8935	1228.8	173.0
8936	1220.0	175.3
8937	1211.4	177.6
8938	1202.5	180.0
8939	1194.1	182.1
8940	1185.0	184.5
8941	1176.7	186.5
8942	1167.9	188.6
8943	1159.6	190.7
8944	1150.8	192.5
8945	1142.3	194.5
8946	1133.9	196.8
8947	1125.6	198.7
8948	1116.6	200.9
8949	1108.0	203.1
8950	1099.5	205.3
8951	1091.0	207.1
8952	1083.0	209.0
8953	1074.6	210.9
8954	1066.3	213.1
8955	1058.1	215.1
8956	1049.2	217.6
8957	1041.0	219.5
8958	1033.3	221.6
8959	1024.6	223.4
8960	1016.4	225.2
8961	1008.4	227.1
8962	1000.1	229.0
8963	992.0	230.7
8964	984.4	232.6
8965	975.5	234.4
8966	967.6	236.0
8967	959.4	238.2
8968	951.4	239.9
8969	943.2	241.5
8970	935.1	243.0
8971	927.3	244.7
8972	919.1	246.3
8973	911.5	247.9
8974	903.0	249.5
8975	895.3	251.1
8976	887.0	252.5
8977	879.2	254.3
8978	871.1	255.8
8979	863.0	257.2
8980	855.4	258.5
8981	847.3	259.8
8982	839.5	261.7
8983	831.8	262.7
8984	823.8	264.3
8985	815.9	265.8
8986	808.0	266.8
8987	800.5	268.0
8988	792.8	269.2
8989	784.9	270.4
8990	777.3	271.6
8991	769.7	272.8
8992	762.6	273.9
8993	754.6	275.1
8994	747.1	276.1
8995	739.5	277.2
8996	732.1	278.3
8997	724.7	279.5
8998	717.1	280.4
8999	710.4	281.1
9000	702.9	282.1
9001	695.4	282.9
9002	687.8	284.0
9003	680.6	285.0
9004	673.4	285.8
9005	666.2	286.7
9006	658.4	287.6
9007	651.4	288.3
9008	644.2	289.1
9009	636.8	289.4
9010	629.4	290.3
9011	622.2	291.0
9012	614.8	291.7
9013	607.7	292.6
9014	600.2	293.4
9015	592.7	294.0
9016	585.7	294.4
9017	578.4	295.1
9018	570.8	295.5
9019	563.0	296.2
9020	555.4	296.9
9021	548.1	297.3
9022	540.4	297.6
9023	532.5	297.9
9024	525.2	298.4
9025	518.0	298.5
9026	510.2	298.8
9027	502.8	299.0
9028	495.1	299.5
9029	487.1	299.7
9030	479.6	300.2
9031	472.3	300.5
9032	464.2	300.9
9033	456.9	301.0
9034	449.1	301.2
9035	441.8	301.6
9036	434.1	301.6
9037	426.4	301.9
9038	418.9	302.0
9039	411.0	302.3
9040	403.6	302.1
9041	396.5	302.2
9042	388.8	302.0
9043	381.0	301.6
9044	373.8	301.4
9045	366.1	301.1
9046	358.7	301.1
9047	350.9	300.7
9048	343.5	300.6
9049	336.5	300.5
9050	329.3	300.7
9051	322.2	300.4
9052	315.3	300.4
9053	308.6	300.2
9054	301.4	300.1
9055	294.7	300.2
9056	287.9	300.3
9057	281.8	300.2
9058	275.6	299.8
9059	269.3	299.9
9060	263.1	299.9
9061	257.2	300.1
9062	251.6	300.1
9063	245.9	300.5
9064	240.1	300.4
9065	235.3	300.8
9066	230.0	300.6
9067	224.8	300.6
9068	220.3	300.6
9069	215.6	300.9
9070	211.4	300.7
9071	207.1	300.8
9072	203.2	300.7
9073	198.9	300.8
9074	195.1	300.3
9075	191.0	300.3
9076	187.7	300.2
9077	184.3	300.0
9078	180.8	299.8
9079	177.5	299.5
9080	174.5	299.0
9081	171.5	298.8
9082	168.3	298.4
9083	165.3	297.7
9084	162.4	297.0
9085	159.1	296.5
9086	156.5	295.9
9087	153.8	295.3
9088	150.6	294.8
9089	147.7	293.8
9090	144.8	293.0
9091	141.7	292.1
9092	138.8	291.3
9093	136.2	290.7
9094	133.2	289.7
9095	130.7	289.0
9096	127.4	288.0
9097	124.5	287.1
9098	121.2	285.9
9099	118.3	285.0
9100	115.4	283.9
9101	112.3	283.0
9102	108.7	281.9
9103	106.2	280.8
9104	102.5	279.4
9105	99.6	278.1
9106	96.1	277.0
9107	92.9	275.5
9108	90.3	274.7
9109	86.6	272.9
9110	83.6	271.8
9111	80.0	270.5
9112	77.1	268.7
9113	73.4	267.3
9114	70.1	265.9
9115	66.5	264.0
9116	63.0	262.5
9117	59.6	260.7
9118	55.8	259.2
9119	52.6	257.6
9120	48.7	255.9
9121	45.3	254.4
9122	41.6	252.3
9123	37.7	250.5
9124	34.0	248.8
9125	29.9	246.9
9126	26.3	244.6
9127	22.6	242.7
9128	18.2	241.0
9129	14.7	238.9
9130	12.1	237.0
9131	10.4	234.4
9132	8.1	233.4
9133	6.7	230.8
9134	4.8	227.3
9967	514.1	8.5
9968	515.3	8.8
9969	515.6	9.1
9970	516.3	10.0
9971	518.0	10.5
9972	520.1	10.9
9973	519.7	11.3
9974	521.0	11.5
9975	522.0	11.8
9976	523.2	12.0
9977	524.2	12.4
9978	525.6	12.7
9979	527.3	13.1
9980	528.4	13.4
9981	529.5	13.5
9982	530.7	13.8
9983	532.0	14.2
9984	532.9	14.5
9985	534.2	14.8
9986	535.1	15.2
9987	535.5	16.1
9988	536.2	16.5
9989	537.3	16.9
9990	537.8	17.6
9991	539.0	18.2
9992	540.2	18.9
9993	541.4	19.2
9994	542.7	19.8
9995	543.6	20.4
9996	544.6	20.9
9997	545.3	21.5
9998	546.3	22.4
9999	547.2	23.1
10000	548.2	23.8
10001	549.3	24.4
10002	550.1	25.2
10003	551.3	25.8
10004	552.2	26.7
10005	553.7	27.2
10006	554.7	27.9
10007	555.8	28.6
10008	556.2	29.8
10009	557.1	30.7
10010	558.1	31.6
10011	559.3	32.3
10012	560.1	33.1
10013	561.2	33.9
10014	562.4	34.8
10015	563.4	35.7
10016	564.9	36.7
10017	565.9	37.8
10018	567.2	38.6
10019	568.1	39.3
10020	568.8	40.4
10021	570.0	41.6
10022	571.4	42.6
10023	572.7	43.5
10024	573.6	44.8
10025	575.0	45.8
10026	576.2	46.7
10027	577.1	47.6
10028	578.1	48.9
10029	579.2	49.8
10030	580.1	51.0
10031	581.3	52.1
10032	583.0	53.2
10033	584.7	54.3
10034	586.0	55.2
10035	587.2	56.2
10036	588.5	57.3
10037	589.7	58.5
10038	591.2	59.8
10039	591.9	61.1
10040	593.5	62.2
10041	594.9	63.5
10042	596.4	64.4
10043	597.8	65.9
10044	599.0	67.2
10045	600.1	68.4
10046	601.4	69.7
10047	603.0	70.9
10048	604.3	72.3
10049	605.9	73.4
10050	607.6	74.8
10051	608.9	76.1
10052	610.4	77.4
10053	611.8	78.7
10054	613.3	80.0
10055	615.0	81.5
10056	617.0	82.7
10057	618.4	83.9
10058	619.3	85.2
10059	621.0	86.6
10060	622.3	88.1
10061	623.8	89.3
10062	625.4	90.7
10063	627.2	92.0
10064	628.5	93.6
10065	630.4	95.0
10066	632.1	96.4
10067	633.7	97.7
10068	635.3	99.0
10069	636.9	100.6
10070	638.6	102.1
10071	640.3	103.4
10072	641.7	104.9
10073	643.2	106.4
10074	645.0	107.7
10075	646.5	109.3
10076	648.2	110.9
10077	649.7	112.5
10078	651.5	113.9
10079	653.2	115.1
10080	655.1	116.7
10081	656.8	118.4
10082	658.3	119.9
10083	660.2	121.0
10084	662.1	122.7
10085	663.7	124.0
10086	665.6	125.4
10087	667.3	127.1
10088	668.8	128.4
10089	670.6	130.1
10090	672.3	131.5
10091	673.9	132.8
10092	675.9	134.4
10093	677.8	135.8
10094	679.8	137.3
10095	681.8	138.6
10096	683.7	140.1
10097	685.2	141.7
10098	687.1	143.4
10099	688.7	144.7
10100	690.5	146.4
10101	692.1	147.4
10102	694.3	148.9
10103	696.6	150.5
10104	697.7	151.9
10105	699.5	153.0
10106	701.5	154.5
10107	703.5	156.1
10108	705.4	157.6
10109	707.3	159.0
10110	709.0	160.4
10111	711.2	161.7
10112	713.3	163.3
10113	715.1	164.5
10114	717.1	166.3
10115	718.9	167.6
10116	720.9	169.0
10117	722.8	170.4
10118	724.5	171.7
10119	726.5	173.3
10120	728.3	174.8
10121	730.1	176.2
10122	732.3	177.6
10123	734.5	178.8
10124	736.4	180.4
10125	738.5	181.9
10126	740.3	183.2
10127	742.2	184.6
10128	744.3	186.4
10129	746.3	187.4
10130	748.3	188.6
10131	750.3	190.2
10132	752.3	191.6
10133	754.4	192.7
10134	756.3	194.2
10135	758.3	195.6
10136	760.3	197.1
10137	762.3	198.4
10138	764.2	200.0
10139	766.2	201.4
10140	768.2	202.9
10141	770.4	204.1
10142	772.4	205.6
10143	774.4	207.2
10144	776.1	208.5
10145	778.1	209.8
10146	780.3	211.2
10147	782.3	212.6
10148	784.2	214.0
10149	786.1	215.5
10150	788.0	216.9
10151	789.7	218.3
10152	792.1	219.6
10153	794.1	220.9
10154	796.1	222.5
10155	797.8	223.9
10156	800.1	225.2
10157	802.1	226.5
10158	804.0	227.9
10159	805.8	229.1
10160	808.0	230.5
10161	809.7	232.0
10162	811.7	233.2
10163	813.7	234.5
10164	815.4	235.8
10165	817.6	237.0
10166	819.7	238.6
10167	821.6	239.9
10168	823.7	241.1
10169	825.4	242.4
10170	827.4	243.7
10171	829.5	244.9
10172	831.6	246.3
10173	833.6	248.0
10174	835.5	249.1
10175	837.3	250.4
10176	839.2	251.7
10177	840.9	253.1
10178	843.0	254.6
10179	844.9	255.8
10180	847.0	257.0
10181	849.0	258.5
10182	850.8	259.6
10183	852.9	260.9
10184	854.9	262.4
10185	856.9	263.7
10186	858.4	265.0
10187	860.5	266.1
10188	862.3	267.5
10189	864.0	268.7
10190	866.1	270.2
10191	867.8	271.4
10192	869.6	272.5
10193	871.6	274.0
10194	873.0	275.2
10195	874.8	276.3
10196	876.6	277.3
10197	878.6	278.5
10198	879.9	279.6
10199	881.6	280.7
10200	883.0	281.8
10201	884.7	282.7
10202	886.0	283.5
10203	887.3	284.6
10204	888.5	285.6
10205	889.9	286.2
10206	891.2	287.1
10207	892.3	287.7
10208	893.2	288.3
10209	894.3	288.7
10210	895.2	289.3
10211	896.6	289.9
10212	897.3	290.3
10213	898.0	290.7
10214	899.2	291.1
10215	899.8	291.4
10216	900.5	291.7
10217	901.4	291.9
10218	902.3	292.0
10219	902.8	292.4
10220	903.4	292.8
10221	904.3	292.9
10222	904.8	293.1
10223	905.8	293.4
10224	906.2	293.7
10225	906.9	293.7
10226	907.2	293.9
10227	908.0	294.0
10228	908.8	294.1
10229	909.3	294.2
10230	909.9	294.2
10231	910.4	294.3
10232	910.9	294.5
10233	911.4	294.6
10234	912.0	294.7
10235	912.3	294.8
10236	912.7	294.7
10237	913.2	294.9
10238	913.5	295.0
10239	914.0	295.1
10240	914.3	295.2
10241	914.6	295.3
10242	915.1	295.4
10243	915.4	295.4
10244	915.5	295.5
10245	916.0	295.5
10246	916.3	295.5
10247	916.3	295.6
10248	916.8	295.7
10249	917.2	295.7
10250	917.3	295.6
10251	917.4	295.6
10252	917.4	295.6
10253	917.6	295.6
10254	917.8	295.5
10255	918.0	295.5
10256	917.8	295.5
10257	917.9	295.5
10258	918.1	295.5
10259	917.9	295.5
10260	917.9	295.6
10261	918.0	295.7
10262	917.9	295.7
10263	917.7	295.7
10264	917.7	295.8
10265	917.7	295.9
10266	917.3	295.9
10267	917.3	296.0
10268	917.1	296.2
10269	916.6	296.2
10270	916.4	296.4
10271	916.2	296.4
10272	915.9	296.6
10273	915.6	296.8
10274	915.3	296.9
10275	914.9	297.0
10276	914.5	297.1
10277	914.1	297.4
10278	913.8	297.5
10279	913.3	297.8
10280	912.7	298.0
10281	912.0	298.2
10282	911.4	298.3
10283	911.0	298.4
10284	910.5	298.6
10285	910.1	298.7
10286	909.6	298.9
10287	909.2	299.0
10288	908.3	299.2
10289	907.6	299.3
10290	907.1	299.5
10291	906.6	299.7
10292	905.9	299.9
10293	904.8	300.0
10294	904.0	300.3
10295	903.4	300.6
10296	902.6	300.8
10297	902.0	301.0
10298	901.5	301.3
10299	900.5	301.5
10300	899.7	301.7
10301	898.9	301.9
10302	897.9	302.1
10303	897.0	302.4
10304	896.2	302.6
10305	895.3	303.0
10306	894.4	303.3
10307	893.7	303.3
10308	892.4	303.7
10309	891.3	303.9
10310	890.5	304.2
10311	889.7	304.4
10312	888.5	304.6
10313	887.6	304.8
10314	886.8	305.0
10315	885.8	305.2
10316	884.6	305.5
10317	883.8	305.8
10318	882.6	306.2
10319	881.6	306.5
10320	880.3	306.6
10321	879.2	306.7
10322	878.1	306.9
10323	877.2	307.2
10324	875.8	307.5
10325	874.7	307.8
10326	873.6	307.9
10327	872.3	308.3
10328	871.2	308.7
10329	870.0	308.7
10330	869.2	309.1
10331	867.5	309.4
10332	866.4	309.7
10333	865.1	309.9
10334	863.7	310.2
10335	862.7	310.6
10336	861.6	310.7
10337	860.1	311.0
10338	858.8	311.4
10339	857.6	311.7
10340	856.3	312.1
10341	855.0	312.3
10342	853.9	312.5
10343	852.4	312.9
10344	851.0	313.3
10345	849.6	313.6
10346	848.0	313.9
10347	846.7	314.4
10348	845.8	314.6
10349	844.1	314.8
10350	842.9	315.0
10351	841.5	315.3
10352	839.9	315.9
10353	838.6	316.2
10354	837.3	316.6
10355	835.6	317.0
10356	834.2	317.4
10357	833.0	317.8
10358	831.5	318.2
10359	829.9	318.6
10360	828.5	318.9
10361	826.9	319.3
10362	825.7	319.7
10363	824.1	320.0
10364	822.6	320.3
10365	821.5	320.5
10366	819.7	321.0
10367	818.0	321.4
10368	816.6	321.8
10369	814.9	322.0
10370	813.6	322.4
10371	811.8	322.7
10372	810.2	323.0
10373	808.7	323.3
10374	807.3	323.8
10375	805.8	324.0
10376	804.0	324.4
10377	802.5	324.7
10378	801.0	324.9
10379	799.3	325.2
10380	797.7	325.5
10381	796.0	325.8
10382	794.6	326.0
10383	793.0	326.3
10384	791.2	326.7
10385	789.9	327.1
10386	788.2	327.4
10387	786.4	327.7
10388	784.8	328.1
10389	783.2	328.3
10390	781.7	328.7
10391	779.7	329.0
10392	778.1	329.3
10393	776.4	329.6
10394	774.7	329.9
10395	773.1	330.3
10396	771.2	330.6
10397	769.5	330.9
10398	767.7	331.3
10399	766.3	331.7
10400	764.7	331.9
10401	763.1	332.5
10402	761.3	333.0
10403	759.7	333.4
10404	758.1	333.7
10405	756.5	334.0
10406	754.6	334.4
10407	753.0	334.9
10408	751.2	335.5
10409	749.9	335.8
10410	747.9	336.3
10411	746.3	336.6
10412	744.2	337.0
10413	742.6	337.2
10414	741.4	337.7
10415	739.5	338.2
10416	737.7	338.6
10417	735.8	338.9
10418	734.1	339.2
10419	732.4	339.4
10420	730.8	339.8
10421	729.1	340.3
10422	727.3	340.6
10423	725.6	340.9
10424	724.0	341.2
10425	722.4	341.6
10426	720.7	341.9
10427	718.8	342.1
10428	717.2	342.5
10429	715.3	342.8
10430	713.5	343.2
10431	711.7	343.6
10432	710.0	343.8
10433	708.2	344.3
10434	706.7	344.5
10435	704.9	344.7
10436	703.3	345.0
10437	701.7	345.2
10438	699.6	345.6
10439	698.0	345.9
10440	696.0	346.1
10441	694.5	346.4
10442	693.1	346.5
10443	691.1	346.7
10444	689.4	346.9
10445	687.5	347.3
10446	686.2	347.3
10447	684.3	347.4
10448	682.6	347.3
10449	680.6	347.7
10450	678.8	347.8
10451	677.4	348.0
10452	675.5	348.2
10453	673.6	348.3
10454	671.9	348.4
10455	670.3	348.6
10456	668.3	348.6
10457	666.8	348.9
10458	664.9	349.1
10459	663.3	349.3
10460	661.7	349.3
10461	659.8	349.3
10462	657.9	349.3
10463	656.0	349.6
10464	654.3	349.8
10465	652.8	350.0
10466	651.1	350.0
10467	649.2	350.3
10468	647.4	350.5
10469	646.0	350.4
10470	644.2	350.5
10471	642.5	350.8
10472	640.7	351.0
10473	639.0	351.1
10474	637.4	351.3
10475	635.6	351.6
10476	633.9	351.5
10477	632.0	351.8
10478	630.3	351.8
10479	628.4	352.0
10480	626.8	352.2
10481	625.3	352.3
10482	623.2	352.4
10483	621.9	352.6
10484	620.0	352.8
10485	618.5	352.8
10486	617.0	352.8
10487	615.3	353.0
10488	614.2	353.2
10489	612.9	353.4
10490	611.8	353.6
10491	610.4	354.0
10492	609.2	354.1
10493	608.0	354.2
10494	606.8	354.0
10495	605.9	354.1
10496	605.1	354.4
10497	604.4	354.5
10498	603.3	354.6
10499	602.6	354.5
10500	601.8	354.6
10501	601.2	354.6
10502	600.4	354.9
10503	600.0	355.0
10504	599.4	355.1
10505	598.8	355.0
10506	598.3	355.2
10507	598.0	355.2
10508	597.7	355.3
10509	597.2	355.3
10510	596.9	355.4
10511	596.2	355.4
10512	596.0	355.5
10513	595.8	355.5
10514	595.3	355.5
10515	595.0	355.7
10516	595.1	355.7
10517	594.9	355.8
10518	594.6	356.1
10519	594.6	356.1
10520	594.1	356.2
10521	593.9	356.2
10522	594.0	356.3
10523	593.4	356.4
10524	593.6	356.3
10525	593.3	356.6
10526	593.1	356.5
10527	593.0	356.5
10528	592.8	356.5
10529	592.8	356.6
10530	592.5	356.7
10531	592.6	356.8
10532	592.5	356.7
10533	592.5	356.8
10534	592.4	356.7
10535	592.4	356.8
10536	592.2	356.7
10537	592.3	356.8
10538	592.0	356.9
10539	592.0	356.9
10540	591.9	357.0
10541	591.8	356.9
10542	591.8	356.9
10543	591.5	356.9
10544	591.7	356.9
10545	591.4	356.9
10546	591.5	357.0
10547	591.5	356.9
10548	591.5	357.0
10549	591.4	356.9
10550	591.6	356.8
10551	591.7	356.8
10552	591.4	356.7
10553	591.7	356.7
10554	591.5	356.7
10555	591.5	356.5
10556	591.7	356.6
10557	591.7	356.6
10558	591.6	356.5
10559	591.7	356.5
10560	591.9	356.6
10561	591.9	356.3
10562	592.0	356.4
10563	592.0	356.3
10564	592.0	356.3
10565	592.0	356.2
10566	592.3	356.1
10567	592.2	356.1
10568	592.4	356.0
10569	592.6	356.0
10570	592.6	355.9
10571	592.7	355.9
10572	592.7	355.6
10573	592.8	355.8
10574	592.8	355.6
10575	593.1	355.4
10576	593.0	355.4
10577	593.1	355.3
10578	593.5	355.2
10579	593.5	355.2
10580	593.9	355.2
10581	593.8	355.1
10582	594.1	355.0
10583	594.2	355.0
10584	594.1	354.8
10585	594.2	354.8
10586	594.4	354.7
10587	594.5	354.7
10588	594.5	354.5
10589	594.6	354.4
10590	594.9	354.4
10591	594.9	354.3
10592	594.8	354.1
10593	595.1	354.1
10594	595.2	354.0
10595	595.2	353.9
10596	595.4	353.8
10597	595.5	353.8
10598	595.4	353.6
10599	595.5	353.6
10600	595.5	353.4
10601	595.6	353.4
10602	595.8	353.4
10603	595.8	353.3
10604	595.6	353.1
10605	595.7	353.0
10606	595.9	352.9
10607	595.7	352.7
10608	595.8	352.6
10609	596.0	352.5
10610	596.0	352.3
10611	595.9	352.3
10612	596.0	352.2
10613	595.7	352.1
10614	596.0	352.1
10615	596.0	352.1
10616	595.9	351.9
10617	595.9	351.8
10618	595.7	351.7
10619	596.0	351.3
10620	596.1	351.3
10621	596.1	351.2
10622	595.9	350.9
10623	596.0	350.9
10624	596.0	350.9
10625	596.0	350.7
10626	596.0	350.6
10627	595.9	350.6
10628	595.8	350.6
10629	595.8	350.3
10630	595.6	350.2
10631	595.8	350.0
10632	595.7	350.0
10633	595.9	349.8
10634	595.7	349.6
10635	595.7	349.5
10636	595.7	349.4
10637	595.8	349.4
10638	595.5	349.2
10639	595.8	349.2
10640	595.7	349.1
10641	595.5	349.0
10642	595.4	348.7
10643	595.4	348.8
10644	595.2	348.6
10645	595.1	348.5
10646	595.3	348.7
10647	594.9	348.7
10648	594.9	348.5
10649	594.9	348.4
10650	594.6	348.4
10651	594.8	348.2
10652	594.5	348.2
10653	594.4	348.1
10654	594.4	348.0
10655	594.3	348.0
10656	594.4	347.9
10657	594.2	347.8
10658	594.5	347.7
10659	594.2	347.6
10660	594.3	347.5
10661	594.0	347.4
10662	594.1	347.4
10663	594.2	347.3
10664	594.1	347.0
10665	594.1	346.8
10666	594.1	346.7
10667	593.8	346.4
10668	593.8	346.4
10669	593.8	346.2
10670	593.8	345.9
10671	593.6	345.8
10672	593.9	345.6
10673	593.6	345.6
10674	593.9	345.4
10675	593.8	345.3
10676	593.6	345.1
10677	593.7	344.9
10678	593.8	344.7
10679	593.7	344.6
10680	593.9	344.4
10681	593.7	344.1
10682	593.6	344.0
10683	593.7	343.9
10684	593.8	343.8
10685	593.6	343.6
10686	593.7	343.6
10687	593.9	343.4
10688	593.8	343.1
10689	593.7	343.0
10690	593.7	342.9
10691	593.5	342.7
10692	593.4	342.5
10693	593.3	342.4
10694	593.3	342.3
10695	593.2	342.0
10696	593.5	341.9
10697	593.0	341.5
10698	592.8	341.1
10699	593.1	340.9
10700	593.0	340.6
10701	593.1	340.4
10702	592.8	340.2
10703	592.7	340.0
10704	592.7	339.7
10705	592.6	339.5
10706	592.8	339.3
10707	592.7	338.8
10708	592.4	338.6
10709	592.3	338.4
10710	592.4	338.0
10711	592.1	337.7
10712	592.1	337.4
10713	592.3	337.1
10714	592.4	336.7
10715	592.1	336.3
10716	591.9	336.0
10717	591.9	335.7
10718	592.0	335.3
10719	592.1	335.0
10720	591.9	334.7
10721	591.9	334.5
10722	591.9	334.2
10723	591.9	333.6
10724	591.9	333.4
10725	592.1	332.9
10726	592.1	332.5
10727	592.3	332.1
10728	592.1	331.9
10729	592.2	331.5
10730	592.4	331.0
10731	592.5	330.7
10732	592.4	330.4
10733	592.4	329.9
10734	592.5	329.6
10735	592.8	329.1
10736	593.0	328.7
10737	593.0	328.4
10738	593.0	327.8
10739	593.4	327.5
10740	593.3	327.1
10741	593.5	326.8
10742	593.5	326.1
10743	593.5	325.7
10744	593.7	324.9
10745	593.6	324.5
10746	593.9	324.0
10747	593.8	323.6
10748	594.2	323.0
10749	594.3	322.6
10750	594.1	322.1
10751	594.2	321.6
10752	594.6	321.3
10753	594.5	320.6
10754	594.7	320.1
10755	594.9	319.5
10756	595.0	318.9
10757	594.9	318.3
10758	595.1	317.9
10759	595.5	317.2
10760	595.3	316.4
10761	595.4	316.1
10762	595.6	315.4
10763	595.7	314.8
10764	595.9	314.4
10765	595.8	313.9
10766	596.1	313.4
10767	595.9	312.6
10768	596.1	312.1
10769	596.2	311.5
10770	596.3	311.0
10771	596.3	310.6
10772	596.3	310.0
10773	596.4	309.1
10774	596.6	308.6
10775	596.6	308.0
10776	596.7	307.4
10777	597.0	306.7
10778	597.1	306.3
10779	597.0	305.8
10780	597.4	305.1
10781	597.4	304.3
10782	597.6	303.8
10783	597.8	303.4
10784	598.0	302.6
10785	597.8	302.0
10786	598.0	301.3
10787	598.2	300.8
10788	598.3	300.0
10789	598.1	299.6
10790	598.6	298.8
10791	598.6	298.3
10792	598.7	297.8
10793	598.8	297.1
10794	599.0	296.4
10795	599.2	296.0
10796	599.1	295.3
10797	599.3	294.8
10798	599.2	294.2
10799	599.4	293.3
10800	599.7	292.6
10801	599.8	291.9
10802	600.1	291.3
10803	600.3	290.7
10804	600.4	290.1
10805	601.0	289.5
10806	600.7	288.7
10807	600.8	288.2
10808	601.0	287.6
10809	601.7	287.0
10810	601.4	286.4
10811	601.7	285.9
10812	602.2	285.1
10813	602.0	284.2
10814	602.1	283.7
10815	602.4	283.0
10816	602.8	282.5
10817	602.9	282.1
10818	602.7	281.5
10819	602.8	280.8
10820	603.1	280.2
10821	603.4	279.6
10822	603.9	279.0
10823	603.9	278.6
10824	603.9	277.9
10825	604.5	277.2
10826	604.5	276.5
10827	604.4	276.0
10828	604.8	275.2
10829	604.8	274.6
10830	605.1	274.0
10831	605.4	273.5
10832	605.8	272.9
10833	605.9	272.4
10834	606.3	271.7
10835	606.5	271.2
10836	606.7	270.6
10837	607.1	270.0
10838	607.5	269.2
10839	607.4	268.6
10840	607.7	268.0
10841	608.4	267.6
10842	608.5	266.9
10843	608.6	266.4
10844	609.2	265.7
10845	609.8	265.1
10846	610.1	264.4
10847	610.4	263.8
10848	610.7	263.0
10849	610.8	262.5
10850	611.3	262.0
10851	611.6	261.1
10852	611.8	260.5
10853	611.9	259.9
10854	612.6	259.2
10855	612.7	258.5
10856	613.0	258.0
10857	613.5	257.7
10858	613.7	256.8
10859	614.1	256.2
10860	614.5	255.7
10861	614.8	254.9
10862	614.9	254.5
10863	615.3	253.9
10864	615.9	253.0
10865	615.6	252.2
10866	616.2	251.5
10867	616.7	250.9
10868	616.9	250.1
10869	617.2	249.7
10870	617.4	248.9
10871	617.9	248.2
10872	618.1	247.6
10873	618.2	246.7
10874	618.7	246.2
10875	619.1	245.3
10876	619.4	244.4
10877	619.3	243.8
10878	619.6	243.1
10879	620.1	242.5
10880	620.3	241.7
10881	620.8	241.2
10882	621.0	240.4
10883	621.1	239.8
10884	621.6	239.1
10885	621.8	238.2
10886	622.0	237.3
10887	622.2	236.4
10888	622.6	235.9
10889	623.2	235.2
10890	623.1	234.5
10891	623.4	233.6
10892	623.5	232.8
10893	623.8	232.2
10894	624.4	231.4
10895	624.5	230.4
10896	624.8	230.0
10897	624.9	229.0
10898	625.2	228.2
10899	625.6	227.5
10900	626.0	226.6
10901	626.1	225.8
10902	626.3	225.1
10903	626.7	224.4
10904	627.0	223.4
10905	627.2	222.7
10906	627.6	221.9
10907	627.7	221.0
10908	627.8	220.2
10909	628.2	219.3
10910	628.6	218.5
10911	628.8	217.8
10912	629.2	217.2
10913	629.6	216.3
10914	629.6	215.8
10915	630.1	215.3
10916	630.2	214.4
10917	630.6	213.5
10918	630.9	212.7
10919	631.3	211.9
10920	631.6	211.2
10921	631.8	210.4
10922	632.0	209.6
10923	632.3	209.0
10924	632.5	208.2
10925	632.6	207.5
10926	632.9	206.7
10927	633.4	206.0
10928	633.6	205.4
10929	633.8	204.5
10930	634.1	203.7
10931	634.3	203.2
10932	634.6	202.3
10933	634.8	201.9
10934	635.3	201.2
10935	636.0	200.7
10936	636.1	200.0
10937	636.6	199.4
10938	636.6	198.8
10939	637.2	198.5
10940	637.5	197.8
10941	637.6	197.1
10942	638.1	196.2
10943	638.8	195.7
10944	639.2	195.1
10945	639.4	194.4
10946	639.6	193.8
10947	640.3	193.2
10948	640.5	192.6
10949	640.9	191.9
10950	641.1	191.4
10951	641.2	190.9
10952	641.8	190.3
10953	642.2	189.7
10954	642.1	188.9
10955	642.7	188.2
10956	643.4	187.6
10957	643.2	186.8
10958	643.5	186.1
10959	643.9	185.8
10960	644.0	184.9
10961	644.1	184.1
10962	644.8	183.6
10963	644.7	183.0
10964	644.9	182.2
10965	645.4	181.6
10966	645.6	180.5
10967	645.5	179.9
10968	646.2	179.3
10969	646.2	178.4
10970	646.3	177.5
10971	646.8	177.0
10972	647.0	176.5
10973	647.5	175.8
10974	647.5	174.8
10975	647.7	173.9
10976	648.0	173.5
10977	648.2	172.6
10978	648.5	171.7
10979	648.8	171.2
10980	648.7	170.4
10981	648.9	169.6
10982	649.2	169.1
10983	649.6	168.4
10984	650.0	167.7
10985	650.0	166.7
10986	650.2	166.1
10987	650.7	165.6
10988	651.1	164.4
10989	651.0	163.7
10990	651.8	163.1
10991	652.0	162.4
10992	652.3	161.6
10993	652.6	160.7
10994	652.7	160.0
10995	652.9	159.3
10996	653.4	158.5
10997	653.9	157.7
10998	654.0	156.7
10999	654.1	156.1
11000	654.7	155.5
11001	654.9	154.3
11002	655.0	153.6
11003	655.6	152.8
11004	655.6	151.9
11005	656.0	151.1
11006	656.4	150.1
11007	656.8	149.5
11008	656.8	148.4
11009	657.1	147.5
11010	657.5	146.6
11011	657.6	145.8
11012	658.1	145.0
11013	658.4	144.0
11014	658.6	143.1
11015	659.2	142.1
11016	659.5	141.0
11017	659.8	140.0
11018	660.4	139.1
11019	660.6	138.1
11020	660.8	137.0
11021	660.9	135.9
11022	661.5	135.1
11023	661.9	133.9
11024	662.0	132.5
11025	662.6	131.7
11026	663.0	130.3
11027	663.4	129.3
11028	664.0	128.4
11029	664.0	126.8
11030	664.8	125.7
11031	664.7	124.3
11032	665.5	123.2
11033	665.8	121.9
11034	666.3	120.7
11035	666.8	119.3
11036	667.1	117.9
11037	667.6	116.6
11038	668.1	115.5
11039	668.6	114.2
11040	669.0	112.9
11041	669.7	111.7
11042	670.4	110.0
11043	670.5	108.4
11044	671.5	107.3
11045	672.0	105.9
11046	672.5	104.4
11047	672.9	102.9
11048	673.7	101.5
11049	674.0	100.0
11050	674.9	98.4
11051	675.7	96.7
11052	676.0	95.4
11053	676.7	93.9
11054	677.7	92.2
11055	678.3	90.7
11056	679.2	89.3
11057	680.3	88.0
11058	681.0	86.2
11059	681.9	84.6
11060	682.3	83.2
11061	683.2	81.6
11062	684.1	80.1
11063	684.5	78.4
11064	685.6	76.7
11065	686.5	75.2
11066	687.2	73.6
11067	687.9	72.1
11068	688.5	70.3
11069	689.7	68.9
11070	690.3	67.1
11071	691.1	65.5
11072	692.0	63.7
11073	692.6	62.2
11074	693.9	60.6
11075	694.7	59.0
11076	695.8	57.3
11077	696.5	55.8
11078	697.2	53.9
11079	698.0	52.0
11080	698.8	50.4
11081	699.9	48.6
11082	700.7	46.9
11083	701.6	45.1
11084	702.6	43.0
11085	703.3	41.1
11086	704.2	39.5
11087	705.1	37.6
11088	706.0	35.5
11089	706.9	33.8
11090	707.7	31.8
11091	708.4	30.0
11092	709.3	27.6
11093	710.5	25.8
11094	711.4	24.4
11095	713.0	22.4
11096	713.6	19.9
11097	714.1	18.0
11098	714.8	16.4
11099	715.7	14.5
11100	716.7	13.1
11101	718.7	12.0
11102	719.4	11.2
11103	720.3	10.1
11104	720.8	8.3
12889	147.9	8.5
12890	154.7	11.1
12891	161.5	12.8
12892	168.4	15.0
12893	174.8	18.1
12894	182.3	21.9
12895	189.3	25.8
12896	195.3	29.6
12897	202.5	33.7
12898	209.3	37.2
12899	216.0	41.1
12900	223.1	45.6
12901	229.1	49.2
12902	236.4	53.1
12903	242.9	56.9
12904	248.5	60.5
12905	255.7	64.5
12906	261.8	68.3
12907	268.2	71.9
12908	274.4	75.7
12909	280.0	79.7
12910	286.2	83.2
12911	293.0	87.0
12912	299.2	90.7
12913	305.1	93.9
12914	311.1	97.5
12915	317.3	101.3
12916	323.8	104.7
12917	329.4	108.1
12918	335.2	111.8
12919	341.0	115.1
12920	347.1	118.6
12921	352.5	122.1
12922	358.5	125.6
12923	363.9	128.8
12924	369.6	132.1
12925	375.6	135.5
12926	381.5	139.0
12927	387.0	142.6
12928	392.6	146.0
12929	397.4	149.5
12930	403.0	152.5
12931	408.9	155.8
12932	414.4	159.2
12933	419.8	162.4
12934	425.3	165.6
12935	430.7	169.0
12936	435.8	172.0
12937	440.9	175.6
12938	446.4	178.7
12939	452.2	182.2
12940	457.0	185.6
12941	461.5	188.9
12942	466.8	191.8
12943	472.4	195.3
12944	476.9	198.7
12945	482.0	201.8
12946	487.1	204.9
12947	491.9	208.0
12948	497.2	211.3
12949	502.3	214.5
12950	507.6	217.8
12951	512.3	220.8
12952	516.9	223.9
12953	521.7	227.0
12954	526.4	230.0
12955	531.2	232.8
12956	535.8	235.9
12957	540.9	238.9
12958	545.8	242.0
12959	550.5	244.9
12960	554.9	247.9
12961	559.4	250.5
12962	564.1	253.3
12963	568.6	256.4
12964	573.2	258.9
12965	578.0	261.7
12966	582.5	264.5
12967	586.8	267.4
12968	591.4	270.3
12969	595.7	272.9
12970	599.8	275.5
12971	604.1	278.3
12972	608.3	280.8
12973	612.7	283.4
12974	616.9	286.0
12975	621.0	288.3
12976	625.4	291.0
12977	629.3	293.2
12978	633.4	296.0
12979	637.6	298.3
12980	641.7	300.5
12981	646.0	303.2
12982	650.2	305.5
12983	653.9	307.8
12984	658.0	310.4
12985	662.1	312.8
12986	666.1	315.3
12987	669.9	317.4
12988	673.5	320.0
12989	677.4	322.0
12990	681.4	324.5
12991	684.7	326.8
12992	688.1	329.1
12993	691.9	331.0
12994	695.3	333.1
12995	698.7	335.0
12996	702.2	336.5
12997	705.1	338.3
12998	708.4	339.8
12999	711.4	341.5
13000	714.5	343.3
13001	717.6	344.8
13002	720.7	346.5
13003	723.3	348.0
13004	726.4	349.5
13005	728.9	351.3
13006	731.8	352.5
13007	734.5	354.1
13008	737.2	355.5
13009	739.6	356.8
13010	742.5	358.4
13011	744.9	359.6
13012	747.2	361.1
13013	749.9	362.6
13014	752.2	363.7
13015	754.8	364.9
13016	757.1	365.9
13017	759.5	367.2
13018	761.6	368.1
13019	763.6	369.2
13020	765.9	370.3
13021	768.1	371.3
13022	770.0	372.3
13023	772.1	373.2
13024	774.3	374.3
13025	776.0	375.2
13026	778.1	375.9
13027	779.9	376.9
13028	781.8	377.7
13029	783.3	378.5
13030	784.9	379.1
13031	786.6	379.7
13032	788.1	380.3
13033	789.9	380.9
13034	791.2	381.5
13035	792.8	382.0
13036	794.3	382.4
13037	795.7	383.2
13038	796.8	383.5
13039	798.3	383.7
13040	799.4	383.8
13041	800.6	384.1
13042	802.0	384.6
13043	803.5	384.7
13044	804.4	385.3
13045	805.9	385.4
13046	806.7	385.9
13047	807.8	386.1
13048	808.9	386.3
13049	810.2	386.6
13050	811.3	386.9
13051	812.1	387.0
13052	813.5	387.2
13053	814.5	387.4
13054	815.6	387.6
13055	816.6	387.9
13056	817.9	388.0
13057	818.9	388.3
13058	819.8	388.4
13059	821.0	388.6
13060	822.1	388.8
13061	823.1	388.9
13062	824.1	389.1
13063	825.6	389.3
13064	826.7	389.5
13065	828.0	389.5
13066	828.8	389.7
13067	830.1	389.9
13068	831.3	390.1
13069	832.5	390.3
13070	833.8	390.5
13071	834.8	390.8
13072	836.0	390.9
13073	837.2	391.2
13074	839.4	392.1
13075	839.7	392.0
13076	839.3	389.8
13077	841.1	390.8
13078	843.3	391.1
13079	844.4	392.0
13080	845.8	392.1
13081	847.0	392.2
13082	848.3	392.4
13083	849.8	392.4
13084	850.8	392.7
13085	852.0	392.8
13086	853.3	392.8
13087	854.6	393.1
13088	855.5	393.3
13089	856.5	393.7
13090	858.0	393.7
13091	859.2	394.0
13092	860.4	394.1
13093	861.7	394.3
13094	862.8	394.4
13095	863.8	394.5
13096	865.5	394.7
13097	866.5	395.0
13098	867.8	395.2
13099	869.0	395.2
13100	870.3	395.3
13101	871.3	395.4
13102	872.6	395.4
13103	873.9	395.7
13104	875.4	395.9
13105	876.5	396.0
13106	877.8	396.4
13107	879.1	396.5
13108	880.3	396.6
13109	881.6	396.8
13110	882.9	397.0
13111	884.4	397.1
13112	885.6	397.4
13113	886.9	397.6
13114	887.9	397.8
13115	889.6	398.0
13116	891.1	398.2
13117	892.2	398.1
13118	893.7	398.3
13119	894.9	398.4
13120	896.3	398.7
13121	897.5	398.9
13122	899.2	399.1
13123	900.4	399.1
13124	901.8	399.3
13125	903.1	399.5
13126	904.5	399.7
13127	906.1	399.9
13128	907.6	400.2
13129	908.7	400.2
13130	910.0	400.3
13131	911.6	400.3
13132	913.0	400.6
13133	914.5	400.6
13134	916.1	400.9
13135	917.3	400.9
13136	918.8	401.1
13137	920.1	401.4
13138	921.5	401.4
13139	922.8	401.5
13140	924.0	401.6
13141	925.3	401.7
13142	926.6	401.8
13143	927.9	402.2
13144	929.1	402.3
13145	930.4	402.6
13146	931.6	402.8
13147	932.7	402.8
13148	933.4	403.0
13149	934.3	403.2
13150	935.4	403.1
13151	936.3	403.3
13152	937.3	403.5
13153	938.2	403.5
13154	939.0	403.7
13155	939.6	403.8
13156	940.5	403.8
13157	941.0	403.9
13158	941.8	403.9
13159	942.3	404.0
13160	942.8	404.0
13161	943.4	404.2
13162	943.9	404.3
13163	944.2	404.4
13164	944.8	404.4
13165	945.3	404.6
13166	945.6	404.6
13167	945.9	404.7
13168	946.3	404.7
13169	946.6	404.7
13170	946.8	404.6
13171	947.1	404.6
13172	947.3	404.5
13173	947.5	404.5
13174	947.8	404.5
13175	947.9	404.5
13176	948.2	404.5
13177	948.3	404.4
13178	948.4	404.4
13179	948.7	404.5
13180	949.2	404.4
13181	949.4	404.3
13182	949.3	404.2
13183	949.4	404.3
13184	949.4	404.2
13185	949.6	404.2
13186	949.5	404.2
13187	949.8	404.1
13188	949.9	404.1
13189	949.9	403.9
13190	949.9	404.0
13191	949.9	403.8
13192	949.9	403.7
13193	949.9	403.7
13194	949.8	403.6
13195	949.6	403.6
13196	949.6	403.5
13197	949.5	403.5
13198	949.4	403.3
13199	949.1	403.3
13200	949.0	403.2
13201	948.6	403.2
13202	948.7	403.1
13203	948.5	403.1
13204	948.4	403.0
13205	948.2	402.9
13206	948.0	402.5
13207	947.7	402.5
13208	947.3	402.3
13209	947.0	402.0
13210	946.7	401.9
13211	946.3	401.8
13212	946.1	401.6
13213	945.5	401.5
13214	945.5	401.3
13215	945.0	401.1
13216	944.8	400.9
13217	944.5	400.7
13218	944.3	400.4
13219	943.9	400.3
13220	943.3	400.0
13221	942.8	399.9
13222	942.4	399.6
13223	942.2	399.3
13224	941.9	398.9
13225	941.3	398.7
13226	940.8	398.3
13227	940.5	398.1
13228	939.8	397.7
13229	939.5	397.4
13230	939.0	397.0
13231	938.5	396.6
13232	938.3	396.5
13233	937.9	396.3
13234	937.4	396.1
13235	936.8	395.7
13236	936.1	395.3
13237	936.1	394.9
13238	935.7	394.5
13239	935.2	394.0
13240	934.6	393.5
13241	934.2	392.9
13242	933.7	392.4
13243	933.0	392.0
13244	932.6	391.6
13245	932.4	391.0
13246	932.0	390.4
13247	931.4	389.9
13248	930.4	389.2
13249	930.1	388.7
13250	929.9	388.2
13251	929.3	388.0
13252	928.7	387.5
13253	928.2	387.1
13254	927.5	386.9
13255	927.3	386.5
13256	926.9	385.8
13257	926.0	385.3
13258	925.5	385.0
13259	925.2	384.5
13260	924.5	384.2
13261	923.9	383.6
13262	923.6	383.2
13263	923.2	382.6
13264	922.4	381.8
13265	921.8	381.1
13266	921.2	380.6
13267	920.7	380.1
13268	919.9	379.5
13269	919.0	379.0
13270	918.4	378.5
13271	918.0	378.0
13272	917.1	377.3
13273	916.2	376.8
13274	915.9	376.1
13275	915.2	375.5
13276	914.3	374.9
13277	913.7	374.3
13278	912.9	373.7
13279	912.0	372.9
13280	911.4	372.4
13281	910.4	371.7
13282	909.7	371.1
13283	908.7	370.8
13284	907.9	370.1
13285	907.1	369.4
13286	906.2	368.7
13287	905.4	368.0
13288	904.4	367.4
13289	903.6	366.7
13290	902.6	365.7
13291	901.8	364.9
13292	900.6	364.1
13293	900.1	363.5
13294	899.1	362.9
13295	897.9	361.9
13296	896.9	361.1
13297	896.0	360.3
13298	894.8	359.3
13299	894.0	358.5
13300	893.1	357.8
13301	891.9	356.8
13302	891.2	356.2
13303	889.9	355.3
13304	889.0	354.7
13305	887.9	353.7
13306	886.7	352.8
13307	885.7	351.9
13308	884.4	350.9
13309	883.5	350.0
13310	882.0	348.9
13311	880.8	348.2
13312	879.4	347.2
13313	878.3	346.4
13314	877.0	345.5
13315	875.9	344.4
13316	874.7	343.4
13317	873.4	342.6
13318	872.0	341.1
13319	870.8	340.0
13320	869.5	339.1
13321	868.3	338.2
13322	866.8	337.0
13323	865.4	336.0
13324	864.1	334.9
13325	862.9	333.7
13326	861.5	332.5
13327	860.1	331.2
13328	859.3	330.3
13329	857.9	329.1
13330	856.7	327.9
13331	855.3	326.7
13332	854.2	325.2
13333	852.8	324.3
13334	851.7	323.1
13335	850.3	322.1
13336	848.7	320.8
13337	847.6	319.5
13338	846.4	318.4
13339	845.0	316.9
13340	843.7	315.6
13341	842.3	314.5
13342	840.8	313.3
13343	839.8	311.6
13344	838.5	310.5
13345	837.0	308.8
13346	835.5	307.5
13347	834.1	306.5
13348	832.8	305.0
13349	831.5	303.7
13350	829.9	302.4
13351	828.3	300.7
13352	827.0	299.4
13353	825.5	298.1
13354	823.9	296.6
13355	822.4	295.2
13356	820.8	293.9
13357	819.0	292.4
13358	817.4	291.0
13359	816.2	289.8
13360	814.6	288.3
13361	812.9	286.9
13362	811.0	285.3
13363	809.6	283.8
13364	807.9	282.5
13365	806.5	280.8
13366	804.6	279.7
13367	802.9	278.4
13368	801.0	276.8
13369	799.4	275.5
13370	797.5	274.2
13371	795.6	273.2
13372	794.0	271.7
13373	792.2	270.4
13374	790.4	268.7
13375	788.5	267.3
13376	786.6	266.0
13377	784.7	264.6
13378	782.9	262.9
13379	781.1	261.4
13380	779.1	260.0
13381	777.2	258.7
13382	775.7	257.3
13383	773.7	255.9
13384	771.7	254.5
13385	769.5	252.7
13386	767.9	251.3
13387	765.5	249.6
13388	763.7	248.1
13389	761.6	246.6
13390	759.7	245.0
13391	757.6	243.4
13392	755.8	241.9
13393	753.6	240.2
13394	751.6	238.7
13395	749.6	236.8
13396	747.5	235.1
13397	745.3	233.5
13398	743.2	231.7
13399	741.2	229.9
13400	738.7	228.0
13401	736.7	226.3
13402	734.5	224.5
13403	732.3	222.9
13404	730.0	221.1
13405	727.9	219.2
13406	725.1	217.7
13407	722.8	215.5
13408	720.2	213.7
13409	717.8	211.6
13410	715.5	209.7
13411	713.1	207.9
13412	710.5	205.9
13413	708.0	203.8
13414	705.4	202.1
13415	702.8	199.7
13416	700.5	197.8
13417	697.7	195.6
13418	695.0	193.9
13419	692.3	191.8
13420	689.7	189.7
13421	687.0	187.6
13422	684.3	185.7
13423	681.6	183.4
13424	678.6	181.3
13425	675.4	179.0
13426	672.7	177.0
13427	670.1	174.8
13428	667.1	172.2
13429	664.2	170.2
13430	661.2	168.0
13431	657.9	165.5
13432	654.8	163.3
13433	651.5	160.9
13434	648.9	158.8
13435	645.4	156.3
13436	642.0	154.2
13437	639.1	151.5
13438	636.2	148.9
13439	633.3	146.3
13440	629.8	143.6
13441	626.6	141.0
13442	623.6	138.1
13443	620.1	135.6
13444	617.2	132.7
13445	614.3	129.9
13446	611.0	127.5
13447	607.9	124.8
13448	605.0	122.1
13449	602.2	119.9
13450	599.5	117.3
13451	596.5	115.0
13452	593.8	112.7
13453	591.5	110.2
13454	588.8	107.6
13455	586.2	105.4
13456	584.7	103.0
13457	582.0	100.9
13458	579.6	98.6
13459	577.9	96.4
13460	576.0	94.4
13461	574.2	92.4
13462	572.4	90.3
13463	571.1	88.0
13464	568.9	86.2
13465	567.2	84.5
13466	565.7	82.4
13467	564.2	80.3
13468	563.0	78.4
13469	561.0	76.7
13470	560.3	75.1
13471	558.5	73.4
13472	557.0	71.8
13473	556.0	70.0
13474	555.0	68.4
13475	553.3	66.7
13476	552.4	65.0
13477	550.5	63.3
13478	549.5	61.9
13479	548.6	59.7
13480	547.2	58.3
13481	546.3	56.8
13482	545.2	55.7
13483	544.2	53.6
13484	543.2	52.2
13485	541.9	50.6
13486	541.1	49.2
13487	540.3	47.7
13488	539.3	46.4
13489	538.8	44.7
13490	537.4	43.2
13491	537.2	41.8
13492	536.2	40.5
13493	535.6	39.2
13494	534.7	37.7
13495	534.0	36.0
13496	532.9	34.4
13497	532.5	32.9
13498	531.8	31.4
13499	530.9	30.5
13500	530.5	28.9
13501	529.9	27.6
13502	529.1	26.4
13503	528.9	25.0
13504	528.0	24.0
13505	527.8	22.5
13506	527.2	20.8
13507	526.1	19.5
13508	526.9	18.3
13509	525.1	17.4
13510	525.8	15.8
13511	524.3	14.6
13512	524.1	13.9
13513	523.8	13.0
13514	523.0	12.5
13515	522.5	11.8
13516	521.7	11.2
13517	521.6	10.3
13518	521.6	9.8
13519	522.5	8.7
14113	312.9	9.6
14114	314.9	11.0
14115	317.2	12.3
14116	320.4	13.4
14117	323.3	15.4
14118	325.5	17.7
14119	327.7	20.5
14120	329.9	23.5
14121	331.8	25.9
14122	334.0	28.5
14123	336.2	31.1
14124	338.5	33.7
14125	340.8	36.4
14126	342.3	39.2
14127	344.3	41.6
14128	346.5	44.0
14129	348.1	47.1
14130	350.1	49.8
14131	351.8	52.3
14132	353.4	54.7
14133	355.1	57.5
14134	356.7	59.9
14135	358.4	62.5
14136	361.1	65.5
14137	362.1	67.8
14138	364.0	70.7
14139	365.4	73.1
14140	367.6	75.6
14141	369.0	78.1
14142	370.7	80.9
14143	371.9	83.6
14144	373.7	86.1
14145	375.8	88.5
14146	376.9	90.8
14147	378.0	93.0
14148	379.6	95.4
14149	381.5	98.0
14150	383.2	100.4
14151	384.5	103.0
14152	386.1	104.9
14153	387.9	107.5
14154	388.9	109.6
14155	390.3	111.9
14156	392.0	114.3
14157	393.7	116.4
14158	394.9	118.5
14159	396.6	120.9
14160	397.9	122.8
14161	400.0	125.1
14162	401.7	127.5
14163	403.0	129.5
14164	404.6	131.4
14165	406.8	133.2
14166	408.3	135.4
14167	410.1	137.3
14168	411.9	139.2
14169	413.7	141.4
14170	415.5	143.5
14171	417.3	145.4
14172	419.1	147.4
14173	420.6	149.2
14174	422.8	151.0
14175	424.6	152.9
14176	427.1	154.8
14177	428.8	156.6
14178	430.8	158.7
14179	432.9	160.6
14180	434.6	162.5
14181	436.9	164.2
14182	439.2	166.2
14183	441.0	168.1
14184	443.5	169.9
14185	445.4	171.6
14186	447.7	173.6
14187	450.1	175.4
14188	452.3	177.3
14189	454.8	178.9
14190	456.8	180.8
14191	459.3	182.5
14192	461.5	184.2
14193	464.1	185.9
14194	466.5	187.7
14195	469.0	189.4
14196	471.2	191.0
14197	474.0	192.8
14198	476.3	194.3
14199	478.9	195.9
14200	481.5	197.6
14201	484.2	199.2
14202	487.0	200.9
14203	489.4	202.2
14204	492.2	203.9
14205	495.1	205.6
14206	497.8	207.2
14207	500.2	208.7
14208	503.0	210.0
14209	505.9	211.7
14210	508.5	213.1
14211	511.5	214.7
14212	514.5	216.3
14213	517.6	217.7
14214	520.5	219.2
14215	523.4	220.7
14216	526.7	222.1
14217	529.4	223.4
14218	532.1	224.8
14219	535.3	226.2
14220	538.6	227.4
14221	541.7	228.8
14222	544.7	230.0
14223	547.9	231.3
14224	550.9	232.6
14225	554.3	233.7
14226	557.5	234.7
14227	560.4	235.7
14228	563.8	236.7
14229	566.9	238.1
14230	569.9	239.1
14231	573.5	240.3
14232	576.5	241.3
14233	579.8	242.3
14234	583.0	243.4
14235	586.5	244.5
14236	590.1	245.7
14237	593.2	246.6
14238	596.5	247.9
14239	599.7	248.9
14240	603.3	249.9
14241	606.5	251.0
14242	609.8	251.8
14243	613.3	252.9
14244	616.3	254.2
14245	619.8	255.1
14246	623.2	256.1
14247	626.9	256.8
14248	630.5	257.8
14249	633.7	258.7
14250	637.2	259.5
14251	640.6	260.5
14252	643.8	261.2
14253	647.4	262.2
14254	650.9	263.1
14255	654.7	264.1
14256	658.5	264.8
14257	661.5	265.5
14258	665.0	266.3
14259	668.2	266.9
14260	671.5	267.5
14261	675.2	267.9
14262	678.9	268.8
14263	682.2	269.4
14264	685.8	270.1
14265	689.4	270.6
14266	693.1	271.3
14267	696.4	271.9
14268	700.1	272.5
14269	703.3	272.9
14270	707.0	273.6
14271	710.5	274.1
14272	713.8	274.6
14273	717.3	275.1
14274	720.6	275.7
14275	724.0	276.0
14276	727.1	276.8
14277	730.5	277.4
14278	734.1	277.8
14279	737.0	278.4
14280	739.9	278.7
14281	743.1	279.0
14282	746.0	279.7
14283	748.8	280.2
14284	751.7	280.6
14285	754.4	281.0
14286	757.2	281.5
14287	760.0	281.9
14288	762.2	282.6
14289	764.5	283.1
14290	766.9	283.4
14291	769.3	283.8
14292	771.6	283.9
14293	773.9	284.3
14294	776.2	284.5
14295	778.4	284.7
14296	780.5	285.0
14297	782.6	285.2
14298	784.6	285.3
14299	787.0	285.5
14300	789.3	285.6
14301	791.1	285.8
14302	793.4	285.9
14303	795.5	285.9
14304	797.6	285.9
14305	799.3	285.8
14306	801.3	285.5
14307	803.5	285.5
14308	805.5	285.4
14309	807.1	285.4
14310	809.3	285.1
14311	811.4	285.0
14312	813.5	284.7
14313	815.4	284.5
14314	817.2	284.3
14315	819.2	283.9
14316	821.3	283.8
14317	823.2	283.4
14318	825.1	283.5
14319	826.9	283.1
14320	828.7	282.8
14321	830.3	282.5
14322	832.5	282.0
14323	834.1	281.6
14324	835.9	281.3
14325	837.6	281.1
14326	839.6	280.8
14327	841.3	280.3
14328	843.0	279.8
14329	844.8	279.3
14330	846.4	278.8
14331	848.1	278.6
14332	849.7	278.0
14333	851.5	277.5
14334	853.0	276.7
14335	854.3	276.1
14336	855.9	275.6
14337	857.9	275.3
14338	859.2	274.6
14339	860.7	274.1
14340	862.0	273.2
14341	863.9	272.9
14342	865.3	272.0
14343	866.7	271.2
14344	868.7	270.4
14345	869.9	269.6
14346	871.3	268.9
14347	872.6	268.1
14348	874.7	267.3
14349	876.1	266.6
14350	877.1	266.0
14351	878.7	265.0
14352	880.7	264.1
14353	881.8	263.2
14354	883.1	262.4
14355	884.7	261.3
14356	885.6	260.3
14357	887.0	259.2
14358	888.4	258.7
14359	889.9	257.9
14360	891.0	256.7
14361	892.5	256.1
14362	893.4	254.9
14363	894.6	254.0
14364	895.6	252.5
14365	896.8	251.6
14366	898.0	250.5
14367	899.1	249.5
14368	900.4	248.5
14369	901.3	247.3
14370	902.3	246.3
14371	903.1	245.1
14372	904.6	244.1
14373	905.1	243.0
14374	906.3	242.0
14375	907.0	240.7
14376	907.8	239.6
14377	908.7	238.4
14378	909.6	236.8
14379	910.3	235.3
14380	910.9	234.4
14381	912.1	233.0
14382	912.7	231.5
14383	913.5	230.6
14384	914.3	228.9
14385	914.8	227.2
14386	915.6	226.2
14387	916.3	224.8
14388	916.8	223.3
14389	917.5	221.8
14390	918.1	220.0
14391	918.5	218.6
14392	919.1	217.0
14393	919.8	215.7
14394	920.4	214.3
14395	920.7	212.6
14396	921.1	211.4
14397	921.8	210.0
14398	922.5	208.4
14399	922.8	207.1
14400	923.2	205.4
14401	923.6	203.6
14402	924.2	202.2
14403	924.7	200.5
14404	925.2	198.7
14405	925.7	196.9
14406	926.1	195.2
14407	926.6	193.9
14408	926.8	192.2
14409	927.1	190.5
14410	927.4	188.4
14411	927.7	187.0
14412	928.2	185.1
14413	928.6	183.3
14414	928.9	181.4
14415	929.4	179.6
14416	929.6	177.8
14417	930.0	175.8
14418	930.3	173.6
14419	930.5	171.6
14420	930.8	169.8
14421	931.3	167.6
14422	931.4	165.7
14423	931.7	163.4
14424	931.8	161.5
14425	932.0	159.5
14426	931.8	156.9
14427	931.9	154.8
14428	932.2	152.6
14429	932.4	150.3
14430	932.5	148.0
14431	932.9	145.9
14432	932.9	143.8
14433	932.9	141.0
14434	933.0	138.8
14435	933.0	136.3
14436	932.9	133.8
14437	932.8	130.9
14438	932.6	128.5
14439	932.5	125.8
14440	932.3	123.3
14441	932.1	120.6
14442	931.9	117.6
14443	932.1	115.0
14444	932.0	112.5
14445	931.9	110.1
14446	931.2	107.4
14447	931.1	105.0
14448	930.9	102.7
14449	930.6	100.4
14450	930.3	98.0
14451	930.0	96.0
14452	929.7	94.0
14453	929.0	92.0
14454	928.5	89.8
14455	927.8	87.8
14456	927.9	85.9
14457	927.2	83.9
14458	927.0	82.1
14459	925.8	80.2
14460	925.6	78.4
14461	925.1	76.6
14462	924.5	75.0
14463	923.3	73.9
14464	923.0	72.4
14465	922.2	70.9
14466	921.8	69.2
14467	921.4	68.1
14468	920.5	66.9
14469	919.5	65.5
14470	918.4	64.1
14471	918.0	62.9
14472	917.7	61.8
14473	917.0	60.3
14474	915.8	59.3
14475	915.1	58.4
14476	914.8	57.3
14477	913.9	55.8
14478	912.9	54.5
14479	912.1	53.0
14480	911.8	51.9
14481	911.0	50.8
14482	909.9	49.5
14483	909.1	48.1
14484	908.4	47.1
14485	907.5	45.9
14486	906.6	44.7
14487	905.5	43.3
14488	904.9	42.2
14489	904.5	40.9
14490	903.5	39.9
14491	902.5	38.5
14492	901.5	37.2
14493	900.6	35.9
14494	899.5	34.6
14495	898.9	33.5
14496	898.2	32.3
14497	897.2	31.0
14498	896.3	29.5
14499	895.3	27.8
14500	894.5	26.6
14501	893.7	25.4
14502	893.0	24.7
14503	892.7	23.3
14504	892.0	22.1
14505	891.1	20.8
14506	889.9	19.6
14507	889.4	18.3
14508	888.5	17.3
14509	887.2	16.3
14510	887.7	15.3
14511	887.1	14.1
14512	886.0	13.2
14513	885.2	12.6
14514	884.5	12.0
14515	883.1	11.7
14516	882.7	11.1
14517	881.7	10.7
14518	880.9	9.0
14519	880.3	8.5
15004	414.8	9.9
15005	419.9	11.6
15006	423.1	13.2
15007	425.4	15.4
15008	429.1	18.5
15009	433.1	21.8
15010	436.7	25.0
15011	440.3	27.8
15012	443.5	31.3
15013	447.3	34.4
15014	451.0	37.9
15015	454.6	40.8
15016	458.5	43.7
15017	461.7	47.2
15018	465.7	50.4
15019	468.8	53.5
15020	473.1	56.4
15021	476.7	59.5
15022	480.4	62.6
15023	483.8	65.7
15024	487.4	68.7
15025	491.4	71.7
15026	495.4	74.6
15027	498.8	77.7
15028	502.5	80.7
15029	506.7	83.6
15030	509.9	86.6
15031	514.0	89.5
15032	517.8	92.1
15033	521.3	95.1
15034	525.4	97.7
15035	529.6	100.5
15036	533.1	103.2
15037	537.3	105.7
15038	540.6	108.3
15039	545.0	111.2
15040	548.4	113.9
15041	552.4	116.5
15042	556.2	119.3
15043	560.4	122.0
15044	564.1	124.3
15045	568.1	126.9
15046	571.8	129.3
15047	575.7	131.7
15048	579.5	134.3
15049	583.4	136.7
15050	587.2	138.9
15051	591.0	141.4
15052	594.8	143.9
15053	598.8	146.3
15054	602.4	148.8
15055	606.7	151.0
15056	610.6	153.4
15057	614.2	155.5
15058	618.6	157.9
15059	621.8	160.0
15060	625.7	162.2
15061	629.6	164.1
15062	633.5	166.4
15063	637.2	168.5
15064	641.2	170.4
15065	645.3	172.4
15066	648.8	174.5
15067	652.8	176.6
15068	656.6	178.5
15069	660.2	180.4
15070	664.2	182.4
15071	667.9	184.4
15072	671.7	186.3
15073	675.5	188.0
15074	679.3	190.0
15075	683.0	191.8
15076	686.9	193.5
15077	690.9	195.3
15078	694.7	197.0
15079	698.4	198.7
15080	702.1	200.6
15081	705.8	202.3
15082	709.8	204.0
15083	713.6	206.0
15084	717.5	207.6
15085	721.1	209.1
15086	725.1	210.3
15087	728.6	212.0
15088	732.6	213.5
15089	736.2	214.9
15090	739.9	216.3
15091	743.6	217.8
15092	747.1	218.9
15093	751.2	220.5
15094	754.7	221.5
15095	758.4	223.0
15096	761.9	224.1
15097	765.5	225.2
15098	769.3	226.6
15099	772.8	227.2
15100	776.5	228.4
15101	780.1	229.4
15102	783.7	230.5
15103	787.1	231.6
15104	790.9	232.6
15105	794.2	233.4
15106	797.7	234.4
15107	801.1	235.1
15108	804.9	236.0
15109	808.4	236.6
15110	811.8	237.4
15111	815.3	238.3
15112	819.0	238.6
15113	822.2	239.1
15114	825.8	239.8
15115	829.4	240.1
15116	832.6	240.9
15117	836.1	241.1
15118	839.2	241.7
15119	842.5	242.2
15120	846.0	242.6
15121	849.4	242.9
15122	853.1	243.1
15123	855.8	243.4
15124	859.1	243.5
15125	862.1	243.6
15126	865.1	243.9
15127	868.5	244.0
15128	871.7	244.1
15129	874.8	244.4
15130	877.6	244.2
15131	880.9	244.2
15132	883.8	244.2
15133	886.8	243.9
15134	889.6	244.0
15135	892.6	243.6
15136	895.5	243.3
15137	898.5	243.4
15138	901.2	243.2
15139	903.9	243.0
15140	906.7	242.8
15141	909.4	242.7
15142	912.5	242.6
15143	914.9	242.3
15144	917.7	242.1
15145	920.2	241.8
15146	922.8	241.3
15147	925.2	241.0
15148	928.1	240.5
15149	930.2	240.1
15150	932.9	239.7
15151	935.2	239.2
15152	937.3	238.7
15153	940.0	238.4
15154	942.1	237.9
15155	944.2	236.9
15156	946.4	236.5
15157	948.4	236.1
15158	950.7	235.3
15159	952.9	235.0
15160	954.6	234.3
15161	956.5	233.6
15162	958.4	232.9
15163	960.6	232.3
15164	962.3	231.5
15165	964.2	230.9
15166	965.8	230.1
15167	967.4	229.3
15168	969.1	228.4
15169	970.9	227.6
15170	972.5	227.0
15171	973.7	226.4
15172	975.7	225.5
15173	977.1	224.9
15174	978.6	223.9
15175	980.3	223.0
15176	981.5	222.1
15177	982.6	221.2
15178	984.0	220.1
15179	985.4	219.3
15180	986.7	218.2
15181	987.8	217.3
15182	989.0	216.2
15183	990.1	214.9
15184	991.6	213.8
15185	992.4	212.6
15186	993.7	211.7
15187	994.7	210.8
15188	995.9	209.8
15189	996.8	208.6
15190	997.8	207.6
15191	998.9	206.5
15192	999.7	205.1
15193	1000.6	204.0
15194	1001.5	202.9
15195	1002.4	201.9
15196	1003.4	200.7
15197	1004.2	199.2
15198	1005.1	197.9
15199	1005.7	196.4
15200	1006.4	195.2
15201	1007.4	194.3
15202	1008.1	193.0
15203	1009.0	191.7
15204	1009.4	190.3
15205	1010.0	188.6
15206	1010.6	187.3
15207	1011.3	186.0
15208	1011.8	184.5
15209	1012.0	182.8
15210	1012.7	181.1
15211	1013.3	179.5
15212	1013.7	178.0
15213	1014.0	176.5
15214	1014.3	174.9
15215	1014.5	172.9
15216	1014.8	171.2
15217	1015.4	169.6
15218	1015.6	168.0
15219	1015.4	166.2
15220	1015.5	164.4
15221	1015.6	162.8
15222	1015.8	161.2
15223	1015.9	159.2
15224	1015.9	157.2
15225	1016.2	155.4
15226	1016.2	153.5
15227	1016.2	151.5
15228	1016.0	149.4
15229	1016.0	147.6
15230	1016.1	145.5
15231	1016.2	143.6
15232	1015.7	141.4
15233	1015.7	139.4
15234	1016.1	137.4
15235	1015.6	135.1
15236	1015.2	133.0
15237	1015.2	130.6
15238	1015.0	128.7
15239	1014.7	126.4
15240	1014.4	123.8
15241	1013.9	121.8
15242	1013.7	119.4
15243	1013.1	117.0
15244	1012.6	114.6
15245	1012.0	112.9
15246	1011.8	110.4
15247	1011.0	107.9
15248	1010.3	105.6
15249	1009.9	103.2
15250	1009.1	100.7
15251	1008.5	98.4
15252	1008.1	95.9
15253	1007.0	93.1
15254	1006.2	90.4
15255	1005.3	87.9
15256	1004.4	85.2
15257	1003.5	82.5
15258	1002.7	79.6
15259	1001.5	76.7
15260	1000.7	73.9
15261	999.8	70.8
15262	998.4	67.8
15263	997.3	64.8
15264	996.3	62.0
15265	995.3	59.0
15266	994.3	56.1
15267	993.2	52.8
15268	991.7	50.1
15269	990.3	46.8
15270	989.1	43.5
15271	987.8	40.6
15272	986.5	37.5
15273	984.7	33.8
15274	983.1	30.9
15275	980.8	27.6
15276	979.4	24.9
15277	978.2	21.4
15278	977.2	18.1
15279	975.8	14.8
15280	972.8	12.5
15281	970.6	11.0
17231	212.9	8.0
17232	214.4	9.2
17233	213.7	10.5
17234	213.0	11.8
17235	213.6	12.7
17236	213.6	14.1
17237	213.8	16.4
17238	214.1	18.5
17239	213.7	20.2
17240	213.9	22.5
17241	214.3	24.4
17242	214.3	25.7
17243	214.5	27.0
17244	215.2	28.6
17245	215.3	30.4
17246	215.8	32.3
17247	216.2	34.3
17248	217.3	36.2
17249	217.6	37.9
17250	218.5	38.8
17251	218.2	40.5
17252	219.1	41.7
17253	219.8	42.7
17254	221.0	43.8
17255	221.6	45.1
17256	222.2	46.9
17257	222.6	47.9
17258	223.3	48.9
17259	223.8	50.2
17260	224.4	51.0
17261	225.1	51.9
17262	226.2	53.3
17263	226.9	54.4
17264	228.3	55.0
17265	228.9	56.3
17266	230.2	57.0
17267	231.0	57.6
17268	231.9	58.6
17269	233.0	59.3
17270	233.7	59.9
17271	234.9	60.8
17272	236.5	61.2
17273	237.6	62.3
17274	238.9	63.3
17275	239.7	63.7
17276	240.9	64.2
17277	242.7	65.0
17278	243.8	65.5
17279	245.2	65.7
17280	246.4	66.4
17281	247.6	66.7
17282	249.1	66.9
17283	250.8	67.7
17284	251.9	68.0
17285	253.5	68.5
17286	255.3	69.0
17287	257.1	69.2
17288	258.8	69.5
17289	259.6	69.5
17290	261.6	69.8
17291	263.3	70.5
17292	265.2	70.8
17293	267.2	70.7
17294	268.6	70.5
17295	270.3	70.9
17296	272.4	70.9
17297	274.5	70.8
17298	276.3	70.9
17299	278.4	71.4
17300	280.4	71.4
17301	282.3	71.3
17302	284.3	71.0
17303	286.6	70.9
17304	288.5	70.9
17305	290.8	70.7
17306	292.8	70.5
17307	295.0	70.6
17308	297.1	70.4
17309	299.3	70.2
17310	301.9	70.0
17311	303.5	69.6
17312	306.2	69.5
17313	308.5	69.2
17314	310.8	69.1
17315	312.9	68.9
17316	315.6	68.6
17317	318.0	68.5
17318	320.5	68.2
17319	323.2	68.0
17320	325.8	67.6
17321	328.1	67.4
17322	330.6	67.2
17323	333.3	66.8
17324	336.2	66.7
17325	338.8	66.3
17326	341.7	66.1
17327	343.8	65.6
17328	346.6	65.1
17329	349.8	64.8
17330	352.5	64.7
17331	355.5	64.3
17332	358.4	63.8
17333	361.1	63.2
17334	364.6	62.8
17335	367.3	62.3
17336	370.2	61.9
17337	373.4	61.5
17338	376.5	61.2
17339	379.8	60.3
17340	382.9	59.7
17341	386.4	59.3
17342	389.1	59.2
17343	392.3	58.9
17344	395.7	58.3
17345	398.9	57.8
17346	402.4	57.5
17347	405.8	56.6
17348	409.2	56.3
17349	412.3	55.5
17350	415.9	54.8
17351	419.6	54.0
17352	423.0	53.8
17353	426.5	53.2
17354	430.4	52.0
17355	433.9	51.6
17356	438.0	51.1
17357	441.1	50.6
17358	444.6	49.3
17359	448.5	49.2
17360	452.2	48.5
17361	455.9	47.6
17362	460.1	46.5
17363	463.5	45.7
17364	467.6	45.8
17365	471.0	44.5
17366	474.8	43.2
17367	479.3	42.8
17368	483.1	42.1
17369	487.0	41.1
17370	491.0	40.5
17371	495.3	39.9
17372	499.5	38.2
17373	503.2	38.0
17374	507.6	36.4
17375	511.2	35.7
17376	515.6	34.8
17377	519.4	34.4
17378	523.5	32.6
17379	528.1	32.1
17380	532.5	31.0
17381	536.6	29.5
17382	541.1	28.3
17383	545.2	27.8
17384	549.9	26.8
17385	554.8	25.7
17386	559.1	24.9
17387	563.4	24.2
17388	568.2	23.1
17389	572.5	21.8
17390	576.7	20.7
17391	582.9	19.5
17392	586.7	18.5
17393	590.8	17.4
17394	596.1	16.5
17395	600.1	15.6
17396	605.3	14.7
17397	610.6	13.7
17398	616.0	12.7
17399	619.4	12.5
17400	624.4	11.8
17401	630.3	11.2
17402	633.9	10.5
18234	761.6	10.1
18235	760.6	11.6
18236	761.2	12.3
18237	761.3	13.4
18238	761.3	15.5
18239	760.9	17.5
18240	761.5	19.5
18241	761.5	21.8
18242	761.6	24.2
18243	761.3	25.9
18244	760.6	27.7
18245	760.2	29.8
18246	760.2	31.4
18247	760.2	34.4
18248	760.0	36.7
18249	759.8	39.3
18250	759.7	41.4
18251	759.3	43.6
18252	758.8	46.0
18253	759.2	48.3
18254	759.1	50.4
18255	758.4	52.2
18256	758.2	54.7
18257	757.5	56.8
18258	757.3	59.1
18259	756.9	61.5
18260	756.7	63.6
18261	756.6	65.6
18262	756.5	67.9
18263	756.4	70.3
18264	755.7	72.7
18265	755.3	74.8
18266	754.8	77.3
18267	754.8	79.7
18268	754.8	81.9
18269	754.4	83.8
18270	754.0	86.1
18271	753.4	88.6
18272	753.2	90.8
18273	753.1	92.9
18274	752.9	95.2
18275	752.4	97.5
18276	752.1	99.4
18277	751.9	101.7
18278	751.7	103.9
18279	751.4	106.0
18280	751.2	108.0
18281	750.9	110.3
18282	750.9	112.5
18283	750.4	114.5
18284	750.0	116.6
18285	749.7	118.7
18286	749.3	121.1
18287	748.9	122.8
18288	748.8	125.2
18289	748.3	127.4
18290	748.0	129.7
18291	747.8	131.8
18292	747.6	134.3
18293	747.3	136.7
18294	746.9	138.8
18295	746.3	141.2
18296	746.3	143.7
18297	746.0	146.1
18298	745.3	147.8
18299	745.6	150.5
18300	745.0	152.7
18301	744.9	154.9
18302	744.3	157.4
18303	744.0	159.7
18304	743.7	161.9
18305	743.4	164.1
18306	743.4	166.6
18307	743.4	169.1
18308	742.7	171.6
18309	742.2	174.1
18310	742.0	176.5
18311	741.6	178.7
18312	741.0	181.3
18313	740.8	183.6
18314	740.4	186.0
18315	740.3	188.3
18316	740.2	190.9
18317	740.0	193.4
18318	739.5	195.7
18319	739.3	198.1
18320	739.0	200.7
18321	738.6	203.0
18322	738.7	205.5
18323	738.2	208.1
18324	737.9	210.5
18325	737.5	213.0
18326	737.0	215.3
18327	736.4	217.9
18328	736.4	220.0
18329	736.2	222.5
18330	736.1	225.0
18331	735.4	227.3
18332	735.2	229.8
18333	735.3	232.4
18334	734.8	234.6
18335	734.7	237.3
18336	734.4	239.7
18337	734.1	242.0
18338	734.0	244.5
18339	733.8	247.2
18340	733.4	249.8
18341	733.3	252.1
18342	733.1	254.7
18343	732.7	257.3
18344	732.1	259.6
18345	732.3	262.0
18346	731.9	264.6
18347	731.6	267.0
18348	731.8	269.9
18349	731.4	272.3
18350	731.3	274.8
18351	731.2	277.4
18352	730.9	280.0
18353	730.7	282.5
18354	730.5	285.0
18355	730.7	287.7
18356	730.2	290.2
18357	730.1	292.9
18358	729.9	295.6
18359	729.5	298.3
18360	729.0	301.1
18361	728.9	303.7
18362	729.1	306.3
18363	729.2	309.1
18364	729.1	311.7
18365	729.0	314.3
18366	728.7	317.3
18367	728.4	319.7
18368	728.8	322.5
18369	728.5	325.1
18370	728.4	328.0
18371	728.2	330.4
18372	727.8	333.3
18373	727.8	336.0
18374	727.5	338.3
18375	727.4	341.3
18376	727.7	344.1
18377	727.7	346.9
18378	727.2	349.4
18379	727.4	352.0
18380	727.2	354.6
18381	727.3	357.4
18382	727.0	360.2
18383	727.0	362.9
18384	727.1	365.9
18385	726.7	368.4
18386	726.5	371.1
18387	726.9	374.0
18388	726.6	376.7
18389	726.5	379.7
18390	726.8	382.4
18391	726.8	385.1
18392	726.5	387.9
18393	726.8	390.8
18394	726.8	393.7
18395	726.8	396.3
18396	726.9	399.3
18397	726.7	402.0
18398	726.7	404.8
18399	726.5	407.5
18400	726.9	410.3
18401	726.7	413.0
18402	726.9	415.9
18403	726.8	418.8
18404	727.1	421.6
18405	727.2	424.6
18406	726.9	427.4
18407	727.0	430.3
18408	727.0	433.2
18409	727.2	436.1
18410	727.1	438.9
18411	727.1	442.0
18412	727.2	444.9
18413	727.1	448.1
18414	727.5	451.2
18415	727.4	453.9
18416	727.2	457.0
18417	727.3	460.0
18418	727.5	463.1
18419	727.7	466.1
18420	727.5	469.0
18421	727.6	472.0
18422	727.9	474.7
18423	728.2	477.4
18424	728.1	480.0
18425	727.9	482.4
18426	728.6	484.8
18427	728.7	487.1
18428	729.2	489.5
18429	729.5	491.3
18430	729.3	493.4
18431	729.9	495.2
18432	729.9	497.1
18433	730.1	498.7
18434	730.5	500.2
18435	730.7	501.7
18436	731.0	503.0
18437	731.2	504.2
18438	731.6	505.4
18439	731.8	506.4
18440	731.9	507.1
18441	732.1	507.6
18442	732.5	508.1
18443	732.6	508.5
18444	732.7	508.9
18445	732.8	509.2
18446	733.0	509.3
18447	733.1	509.5
18448	733.2	509.6
18449	733.3	509.8
18450	733.2	509.9
18451	733.3	510.0
18452	733.6	510.2
18453	733.4	510.2
18454	733.6	510.3
18455	733.4	510.4
18456	733.6	510.5
18457	733.5	510.5
18458	733.5	510.6
18459	733.4	510.7
18460	733.4	510.7
18461	733.5	510.8
18462	733.3	510.9
18463	733.3	511.0
18464	733.2	511.0
18465	733.3	511.1
18466	733.3	511.1
18467	733.4	511.2
18468	733.3	511.4
18469	733.2	511.6
18470	733.3	511.8
18471	733.2	512.0
18472	733.1	512.5
18473	733.2	512.9
18474	733.3	513.4
18475	733.2	513.9
18476	733.2	514.6
18477	733.2	515.3
18478	733.1	515.9
18479	733.1	516.6
18480	733.0	517.4
18481	733.2	518.0
18482	733.2	518.4
18483	733.1	518.8
18484	733.3	519.1
18485	733.0	519.3
18486	733.2	519.8
18487	733.1	520.1
18488	733.1	520.3
18489	733.2	520.9
18490	733.4	521.5
18491	733.4	522.1
18492	733.3	523.1
18493	733.5	524.0
18494	733.5	525.2
18495	733.6	526.4
18496	733.5	528.0
18497	733.5	529.2
18498	733.4	530.7
18499	733.3	532.0
18500	733.4	533.2
18501	733.5	534.1
18502	733.6	535.0
18503	733.5	536.0
18504	733.6	536.8
18505	733.6	537.6
18506	733.6	538.4
18507	733.6	539.2
18508	733.6	539.9
18509	733.8	541.2
18510	733.5	542.2
18511	733.8	543.3
18512	733.8	544.2
18513	733.8	545.2
18514	733.8	545.8
18515	733.9	546.5
18516	733.7	547.0
18517	733.8	547.3
18518	733.6	547.6
18519	733.8	548.0
18520	733.9	548.5
18521	733.8	549.1
18522	733.9	549.8
18523	734.4	550.5
18524	734.3	551.5
18525	734.3	552.3
18526	734.3	552.9
18527	734.4	553.6
18528	734.4	554.1
18529	734.4	554.5
18530	734.4	554.8
18531	734.4	555.1
18532	734.6	555.5
18533	734.6	555.9
18534	734.6	556.6
18535	734.7	557.3
18536	734.8	557.9
18537	734.9	559.0
18538	734.6	560.0
18539	734.9	560.7
18540	734.8	561.4
18541	734.8	562.3
18542	734.8	563.2
18543	734.8	563.8
18544	735.1	564.3
18545	734.9	564.9
18546	734.9	565.4
18547	735.2	566.0
18548	735.1	566.6
18549	735.4	567.4
18550	735.1	568.2
18551	735.2	568.9
18552	734.9	569.6
18553	735.1	570.5
18554	734.9	571.3
18555	735.1	572.0
18556	735.1	572.7
18557	735.2	573.3
18558	735.3	574.1
18559	735.0	574.9
18560	735.0	575.7
18561	734.9	576.4
18562	735.0	577.2
18563	735.0	577.9
18564	734.9	578.7
18565	735.2	579.5
18566	735.2	580.4
18567	734.9	580.9
18568	734.9	581.7
18569	734.9	582.5
18570	735.3	583.4
18571	735.4	584.1
18572	735.2	584.8
18573	735.1	585.6
18574	735.3	586.5
18575	735.4	587.4
18576	735.5	588.5
18577	735.3	589.4
18578	735.4	590.2
18579	735.4	591.4
18580	735.6	592.4
18581	735.4	593.1
18582	735.4	594.0
18583	735.3	595.1
18584	735.5	596.4
18585	735.5	597.2
18586	735.5	598.2
18587	735.5	599.2
18588	735.8	600.3
18589	735.5	601.3
18590	735.6	602.4
18591	735.4	603.4
18592	735.5	604.4
18593	735.4	605.4
18594	735.5	606.6
18595	735.6	607.8
18596	735.4	608.8
18597	735.6	609.7
18598	735.8	610.9
18599	735.8	612.0
18600	735.7	613.2
18601	735.9	614.4
18602	736.0	615.5
18603	735.8	616.7
18604	735.8	617.8
18605	735.9	619.0
18606	735.8	620.3
18607	735.7	621.2
18608	735.7	622.4
18609	735.8	623.4
18610	735.9	624.8
18611	736.0	625.8
18612	736.1	627.0
18613	736.0	628.1
18614	736.1	629.2
18615	736.4	630.5
18616	736.5	631.8
18617	736.8	632.9
18618	736.9	634.2
18619	736.8	635.4
18620	736.8	636.7
18621	736.7	637.7
18622	737.1	638.8
18623	737.4	640.0
18624	737.4	641.3
18625	737.5	642.4
18626	737.7	643.6
18627	737.5	644.9
18628	737.5	646.0
18629	737.7	647.2
18630	737.9	648.5
18631	738.1	649.7
18632	738.3	650.9
18633	738.1	652.1
18634	738.2	653.3
18635	738.8	654.4
18636	738.7	655.7
18637	739.0	657.0
18638	739.0	658.2
18639	739.2	659.3
18640	739.2	660.7
18641	739.2	661.9
18642	739.5	663.1
18643	739.3	664.3
18644	739.6	665.5
18645	739.7	666.9
18646	739.6	667.9
18647	739.8	669.2
18648	740.0	670.3
18649	740.2	671.5
18650	740.4	672.9
18651	740.5	674.5
18652	740.5	675.6
18653	740.6	677.1
18654	740.7	678.6
18655	740.6	679.9
18656	740.8	681.3
18657	741.1	682.7
18658	741.2	684.0
18659	741.4	685.6
18660	741.5	686.9
18661	741.7	688.5
18662	741.6	689.8
18663	741.6	691.2
18664	741.6	692.7
18665	741.8	694.1
18666	742.1	695.7
18667	742.2	697.3
18668	742.2	698.8
18669	742.1	700.5
18670	742.4	701.9
18671	742.6	703.4
18672	743.0	704.9
18673	743.0	706.4
18674	743.3	708.1
18675	743.2	709.4
18676	743.6	711.1
18677	744.0	712.8
18678	744.3	714.2
18679	744.1	715.8
18680	744.3	717.3
18681	744.6	719.0
18682	744.6	720.5
18683	744.7	721.9
18684	744.8	723.5
18685	744.8	725.1
18686	744.8	726.6
18687	744.7	728.2
18688	744.9	729.8
18689	745.3	731.4
18690	745.3	733.0
18691	745.0	734.5
18692	745.0	736.0
18693	745.3	737.7
18694	745.3	739.3
18695	745.1	740.9
18696	745.5	742.3
18697	745.3	743.8
18698	745.4	745.6
18699	745.7	747.2
18700	745.3	748.6
18701	745.2	750.3
18702	745.4	751.7
18703	745.4	753.3
18704	745.3	754.9
18705	745.4	756.2
18706	745.4	757.7
18707	745.4	759.0
18708	745.5	760.4
18709	745.0	762.0
18710	745.2	763.5
18711	745.2	764.9
18712	744.7	766.1
18713	744.8	767.4
18714	744.8	768.9
18715	744.9	770.3
18716	744.8	771.6
18717	744.7	772.8
18718	744.6	774.0
18719	744.7	775.2
18720	744.5	776.7
18721	744.8	777.7
18722	744.8	779.1
18723	744.4	780.4
18724	744.5	781.5
18725	744.0	783.0
18726	744.1	784.2
18727	744.1	785.6
18728	744.3	786.6
18729	744.2	788.1
18730	744.3	789.2
18731	744.2	790.4
18732	744.4	791.7
18733	744.1	793.2
18734	744.0	794.2
18735	744.2	795.8
18736	744.1	797.0
18737	744.1	798.1
18738	744.0	799.5
18739	744.1	801.0
18740	744.0	802.2
18741	744.3	803.7
18742	744.5	805.0
18743	744.5	806.1
18744	744.6	807.7
18745	744.5	809.1
18746	744.5	810.6
18747	744.4	811.9
18748	744.5	813.4
18749	744.7	814.7
18750	744.8	816.3
18751	744.9	817.9
18752	745.2	819.2
18753	745.4	820.6
18754	745.3	822.2
18755	745.3	823.6
18756	745.5	825.4
18757	745.8	827.2
18758	745.6	828.7
18759	745.6	830.2
18760	745.7	831.7
18761	745.9	833.3
18762	745.9	835.0
18763	746.1	836.5
18764	746.2	838.0
18765	746.4	839.5
18766	746.2	841.1
18767	746.2	842.7
18768	746.7	845.3
18769	746.8	847.0
18770	746.9	848.8
18771	747.4	850.2
18772	746.9	851.6
18773	747.5	853.2
18774	748.1	854.4
18775	748.1	855.9
18776	747.8	857.1
18777	747.5	858.6
